0.000000000000000000e+00,0.000000000000000000e+00,0.000000000000000000e+00,0.000000000000000000e+00,0.000000000000000000e+00,0.000000000000000000e+00,0.000000000000000000e+00,0.000000000000000000e+00,0.000000000000000000e+00,0.000000000000000000e+00,0.000000000000000000e+00,0.000000000000000000e+00,-4.537345409806471608e+00,-7.628227469452912857e-01,0.000000000000000000e+00,0.000000000000000000e+00,0.000000000000000000e+00,-7.087070844136178493e-05
-6.362092137707476169e+00,4.455457927836440901e-01,0.000000000000000000e+00,0.000000000000000000e+00,0.000000000000000000e+00,0.000000000000000000e+00,0.000000000000000000e+00,0.000000000000000000e+00,-8.398236626882877864e-01,3.536022160304038570e-02,-1.142265168866935937e-01,1.150685112108351671e-02,-4.537345409806471608e+00,-7.628227469452912857e-01,0.000000000000000000e+00,0.000000000000000000e+00,0.000000000000000000e+00,-7.087070844136178493e-05
-3.875496089394100618e+00,1.194666743284449772e+00,1.639999868260884286e+00,6.206315378949052268e-04,-8.512463143769571916e-01,3.651090671514873459e-02,-1.142265168866935937e-01,1.150685112108351671e-02,-1.280139329269370130e+00,1.328391525136055906e-01,-2.106519064490275372e-02,5.381819835952542097e-02,-4.537345409806471608e+00,-7.628227469452912857e-01,1.600000000000000089e+00,0.000000000000000000e+00,1.600000023841857910e+00,-3.784338769037276506e-04
-6.408925175760396442e+00,1.615341847449647927e+00,2.860995616352087101e+00,5.043060311957991808e-03,-1.282245848333860350e+00,1.382209723495581299e-01,-2.106519064490275372e-02,5.381819835952542097e-02,-2.072017448953745067e+00,2.646270649536665021e-01,1.043246106374346727e-01,1.128232636755621132e-01,-4.440890789564886809e+00,-7.627926414484375028e-01,2.799999999999999822e+00,3.000000000000000062e-03,2.799999952316284180e+00,-1.762692350894212723e-03
-6.408925175760396442e+00,1.615341847449647927e+00,4.150993574136303543e+00,7.316932199851106967e-03,-2.061584987890001663e+00,2.759093913212227189e-01,1.043246106374346727e-01,1.128232636755621132e-01,-2.687935479873876154e+00,3.907280815407626062e-01,3.907871169315983995e-01,1.627778083106867779e-01,-4.440890789564886809e+00,-7.627926414484375028e-01,4.000000000000000000e+00,1.400000000000000029e-02,4.000000000000000000e+00,-1.762692350894212723e-03
-2.790457189415690653e+00,6.974515261460174642e-01,5.298401294492149916e+00,7.963955390954267910e-02,-2.648856768180716248e+00,4.070058623718312840e-01,3.907871169315983995e-01,1.627778083106867779e-01,-2.464884510517588279e+00,4.290485745739717194e-01,9.640777692151513145e-01,1.653508694506097554e-01,-3.444255351953648070e+00,-7.535123286230186457e-01,5.416999999999999815e+00,1.059999999999999970e-01,5.565000057220458984e+00,-1.502973306924104691e-02
-3.613980651135823674e+00,2.479644592691487404e+00,5.592494614630712846e+00,1.297630490105291523e-01,-2.368476733596073025e+00,4.455836615190326699e-01,9.640777692151513145e-01,1.653508694506097554e-01,-2.401149397609767977e+00,6.332934036755661911e-01,1.458334451207887295e+00,2.687386586906221342e-01,-2.816657543626762461e+00,-7.392792144794264608e-01,5.416999999999999815e+00,1.380000000000000115e-01,5.418000221252441406e+00,-2.319890819489955902e-02
-2.311006833037391406e+00,-6.068798771026021610e-01,5.614151676462376450e+00,2.079069420923645994e-01,-2.255315952488979203e+00,6.601672695446284544e-01,1.458334451207887295e+00,2.687386586906221342e-01,-2.085824426395550102e+00,5.373514070327616299e-01,1.950472451386631612e+00,1.909810838558254065e-01,-2.273086071701182931e+00,-7.207047880495668357e-01,5.533999999999999808e+00,2.089999999999999913e-01,5.538000106811523438e+00,-3.701573982834815979e-02
-2.311006833037391406e+00,-6.068798771026021610e-01,5.551120206043680838e+00,2.328154715165864364e-01,-1.890777181256886985e+00,5.564495154183441983e-01,1.950472451386631612e+00,1.909810838558254065e-01,-1.813517883137166109e+00,4.485624722686161192e-01,2.361048454845652955e+00,1.332864694662148630e-01,-2.273086071701182931e+00,-7.207047880495668357e-01,5.535000000000000142e+00,2.349999999999999867e-01,5.539999961853027344e+00,-4.191570356488227844e-02
-2.110808819662305158e+00,-1.109530904708623922e+00,5.626903588614429630e+00,2.147498009553875931e-01,-1.577413037652600769e+00,4.618911192152376222e-01,2.361048454845652955e+00,1.332864694662148630e-01,-1.535862097829294726e+00,3.169296108046905092e-01,2.727071570125354061e+00,5.846238529140786178e-02,-1.637229442607436747e+00,-6.944971177450083299e-01,5.535999999999999588e+00,2.179999999999999993e-01,5.539999961853027344e+00,-3.814631327986717224e-02
2.357792615246229850e+00,-3.236435000362906655e-01,5.565304607163509054e+00,2.028374662400689588e-01,-1.263154940816759275e+00,3.227758493338312995e-01,2.727071570125354061e+00,5.846238529140786178e-02,-4.619505289679831650e-01,2.693086257562098962e-01,3.226370763639434980e+00,4.364540960615971577e-02,-1.001430035133318297e+00,-6.699007094191755662e-01,5.620000000000000107e+00,2.010000000000000120e-01,5.624000072479248047e+00,-3.643066063523292542e-02
-2.630310059229377551e+00,-2.089705594928765731e+00,5.145583687154299035e+00,1.875399876738400584e-01,-1.393134526040396559e-01,2.736731667168258442e-01,3.226370763639434980e+00,4.364540960615971577e-02,-5.228072756641324315e-01,5.572933922697714815e-02,3.345198501842420402e+00,-6.652643534526346547e-02,-3.587985043870058899e-01,-6.464183416436091179e-01,5.440999999999999837e+00,2.349999999999999867e-01,5.446000099182128906e+00,-3.643066063523292542e-02
3.429609012993533046e-01,-2.148918680379993673e-01,5.403643683562522781e+00,2.406555099713332257e-01,-1.882874254798903579e-01,4.907669569245080160e-02,3.345198501842420402e+00,-6.652643534526346547e-02,3.896105824725548672e-04,4.134215087402286215e-02,3.614630615899160571e+00,-3.669109670270699619e-02,2.693943975900510712e-01,-6.188649109858133102e-01,5.440000000000000391e+00,2.590000000000000080e-01,5.446000099182128906e+00,-4.450637474656105042e-02
-9.237337115151627032e-01,-3.040593014678946382e+00,5.373660038314037379e+00,2.809612859777529392e-01,3.618526721723886452e-01,3.767304120375216531e-02,3.614630615899160571e+00,-3.669109670270699619e-02,1.972224239074439056e-01,-2.394705605468405996e-01,3.767821976025129693e+00,-1.616380084333682854e-01,8.121800418632076912e-01,-5.903500182920016215e-01,5.482999999999999652e+00,3.180000000000000049e-01,5.492000102996826172e+00,-5.223733559250831604e-02
1.448422776570817305e+00,-3.394519017397504612e+00,5.386330170647206650e+00,3.228967400556024825e-01,5.740046215099569027e-01,-2.556343613901774225e-01,3.767821976025129693e+00,-1.616380084333682854e-01,8.079138206380460652e-01,-5.292766902544496777e-01,3.999951372265987626e+00,-2.658574532819706349e-01,1.441009998277221316e+00,-5.531384220312098865e-01,5.439000000000000057e+00,3.190000000000000058e-01,5.447999954223632812e+00,-5.987579002976417542e-02
1.448422776570817305e+00,-3.394519017397504612e+00,5.483862928223868671e+00,3.335909521811264988e-01,1.207908957864644917e+00,-5.558624355826466967e-01,3.999951372265987626e+00,-2.658574532819706349e-01,1.317242202662211481e+00,-7.942670097193771372e-01,4.187920284374777147e+00,-3.367999187120671034e-01,1.441009998277221316e+00,-5.531384220312098865e-01,5.437999999999999723e+00,3.320000000000000173e-01,5.447999954223632812e+00,-6.075651198625564575e-02
2.813551485246876815e+00,-1.752750234833115206e+00,5.651440420252256125e+00,3.769848342506901262e-01,1.736034231099689240e+00,-8.279470015905838753e-01,4.187920284374777147e+00,-3.367999187120671034e-01,2.001277458655766672e+00,-8.760737677708256843e-01,4.410545902131921991e+00,-2.848980921951659306e-01,2.074459552816338981e+00,-5.145785381859169227e-01,5.530999999999999694e+00,3.669999999999999929e-01,5.544000148773193359e+00,-6.660729646682739258e-02
3.851114034367109085e+00,-4.492752062202168162e+00,5.376830876011286620e+00,3.467475365352051808e-01,2.442332048868959049e+00,-9.045635769903422885e-01,4.410545902131921991e+00,-2.848980921951659306e-01,2.748091072292915271e+00,-1.213321940919065645e+00,4.588435850515857339e+00,-3.928225799911350125e-01,2.717989444386765818e+00,-4.721655713015293077e-01,5.394999999999999574e+00,3.479999999999999760e-01,5.406000137329101562e+00,-6.440002471208572388e-02
2.187531709627476229e+00,1.707112087357489649e+00,5.376830876011286620e+00,3.467475365352051808e-01,3.206934657344501005e+00,-1.252604198918179090e+00,4.588435850515857339e+00,-3.928225799911350125e-01,3.050125886118685070e+00,-9.260067688801196795e-01,4.637477379532949584e+00,-1.214266510710098612e-01,3.239429950404893344e+00,-4.382579190653305146e-01,5.394999999999999574e+00,3.479999999999999760e-01,5.406000137329101562e+00,-6.440002471208572388e-02
6.402317046734231631e+00,-1.355989860739627906e+00,5.676286577404844103e+00,3.146347733118171619e-01,3.513873624071980117e+00,-9.381494339872206156e-01,4.637477379532949584e+00,-1.214266510710098612e-01,4.099953698074443764e+00,-9.534519940666418281e-01,4.889599857537897165e+00,-8.154460460203295791e-02,3.889633655095443121e+00,-4.010463823296991359e-01,5.612000000000000099e+00,3.360000000000000209e-01,5.622000217437744141e+00,-5.537302047014236450e-02
5.170945822632747380e+00,3.176099998923894496e+00,5.477806799242252112e+00,3.804150328964802097e-01,4.588913683828233836e+00,-9.616064545268451225e-01,4.889599857537897165e+00,-8.154460460203295791e-02,4.723423683179586163e+00,-5.375654468323319835e-01,4.985679666654219133e+00,2.150999526948800256e-01,4.535311221747677202e+00,-3.591962025438587558e-01,5.466999999999999638e+00,4.390000000000000013e-01,5.485000133514404297e+00,-6.933527439832687378e-02
8.539183616681766509e+00,-1.776024536292793776e+00,5.526941586777008197e+00,4.829276656221682118e-01,5.221991649845008077e+00,-5.160554515628439365e-01,4.985679666654219133e+00,2.150999526948800256e-01,5.866834575882160507e+00,-6.219043671851287591e-01,5.197344483921369829e+00,1.838744491924269864e-01,5.162397861151188927e+00,-3.067644407546396002e-01,5.464000000000000412e+00,4.759999999999999787e-01,5.485000133514404297e+00,-8.715566247701644897e-02
8.539183616681766509e+00,-1.776024536292793776e+00,5.312762806465517684e+00,5.080543495832426926e-01,6.386569024274297846e+00,-6.035169222658860466e-01,5.197344483921369829e+00,1.838744491924269864e-01,6.794809411362038531e+00,-6.977522660171552316e-01,5.306519080376524755e+00,1.656620035921771150e-01,5.162397861151188927e+00,-3.067644407546396002e-01,5.320000000000000284e+00,5.100000000000000089e-01,5.344999790191650391e+00,-9.533911198377609253e-02
1.959764718326013622e+00,1.733099414928852999e+00,5.191948775412377870e+00,5.500099498922380592e-01,7.325461319399691362e+00,-6.811860656579374895e-01,5.306519080376524755e+00,1.656620035921771150e-01,6.315363958752643114e+00,-4.271998100050309888e-01,5.055074367247873290e+00,3.553494158776657197e-01,5.781347751472750041e+00,-2.485627395385730798e-01,5.301999999999999602e+00,5.669999999999999485e-01,5.331999778747558594e+00,-1.055415347218513489e-01
9.883305549698928161e+00,1.127853705345480018e+00,5.320855475951596247e+00,5.479943057898678527e-01,6.820871395477430710e+00,-3.916648684172644446e-01,5.055074367247873290e+00,3.553494158776657197e-01,7.406058135116941443e+00,-2.346141920239414314e-01,5.222531322936184495e+00,4.676077163172825957e-01,6.390388965680351419e+00,-1.851840484281701837e-01,5.301999999999999602e+00,5.649999999999999467e-01,5.331999778747558594e+00,-1.026280522346496582e-01
5.239373445250881112e+00,2.580764545291576617e+00,5.347713362397387371e+00,5.507603964879453917e-01,7.928311267410560248e+00,-1.878534203922131718e-01,5.222531322936184495e+00,4.676077163172825957e-01,7.430026104931995334e+00,8.303841532905445466e-02,5.118343867979248785e+00,6.333891337102395269e-01,7.021902560715766128e+00,-1.198813786151775584e-01,5.439000000000000057e+00,4.909999999999999920e-01,5.460999965667724609e+00,-1.026280522346496582e-01
2.208251476153474169e+00,3.462986005913339049e+00,5.534084703056176835e+00,4.699163730756270030e-01,7.941860491729920035e+00,1.463773287000784129e-01,5.118343867979248785e+00,6.333891337102395269e-01,6.885815978631250722e+00,4.558982446163329927e-01,4.913968888722454409e+00,7.939161497952323954e-01,7.649839877836982716e+00,-6.525777490184508922e-02,5.471000000000000085e+00,4.369999999999999996e-01,5.487999916076660156e+00,-8.470991253852844238e-02
8.134200840554075995e+00,-3.724526330327164181e-01,5.323086610049023726e+00,4.246770202818719864e-01,7.377212867503495808e+00,5.352898595958561767e-01,4.913968888722454409e+00,7.939161497952323954e-01,7.536738826393323265e+00,4.269856122627169182e-01,4.996400376260258902e+00,6.900819990638262791e-01,8.280695438436200817e+00,-1.455788471242470787e-02,5.471000000000000085e+00,4.410000000000000031e-01,5.487999916076660156e+00,-7.961159944534301758e-02
8.134200840554075995e+00,-3.724526330327164181e-01,5.498500130414204712e+00,4.390330776980708172e-01,8.036378864019349422e+00,4.959938121690995461e-01,4.996400376260258902e+00,6.900819990638262791e-01,8.076453776664241246e+00,3.982016101994381163e-01,5.060735581558074792e+00,6.055311982657411995e-01,8.280695438436200817e+00,-1.455788471242470787e-02,5.493000000000000327e+00,4.269999999999999907e-01,5.510000228881835938e+00,-7.967693358659744263e-02
1.078324520586367896e+01,2.155506989827529144e-03,5.746684897278035109e+00,4.464392319042581048e-01,8.582527334820047926e+00,4.587547300260122474e-01,5.060735581558074792e+00,6.055311982657411995e-01,9.024493387248494258e+00,4.057947606700867960e-01,5.240219919233206625e+00,5.571563853078898010e-01,8.920071124612825031e+00,3.618951043702153814e-02,5.501000000000000334e+00,4.430000000000000049e-01,5.519000053405761719e+00,-7.753067463636398315e-02
8.962845444095712821e+00,-1.572308586985724954e+00,5.341352357220923608e+00,4.923914277518910976e-01,9.548515379171814033e+00,4.615103992008757761e-01,5.240219919233206625e+00,5.571563853078898010e-01,9.443185118331092198e+00,2.622998659331529092e-01,5.226354209436379072e+00,4.348447279024261758e-01,9.551552295009750893e+00,8.613999050400621138e-02,5.496999999999999886e+00,4.889999999999999902e-01,5.519000053405761719e+00,-9.192498028278350830e-02
1.018959353845728089e+01,-3.250805543867443248e+00,5.367725282141215359e+00,5.613666581663181443e-01,9.965820539274730550e+00,3.057843387233954990e-01,5.226354209436379072e+00,4.348447279024261758e-01,1.001386304686544015e+01,-2.891800444566300365e-02,5.253163364624411358e+00,2.556495207340850340e-01,1.007832765520880614e+01,1.347025172312753261e-01,5.503999999999999559e+00,5.400000000000000355e-01,5.530000209808349609e+00,-1.042030528187751770e-01
1.216799712176154813e+01,-1.191178606415340457e+00,5.415854742544479627e+00,5.626226773343621090e-01,1.053917938332788040e+01,-3.353052372254500257e-03,5.253163364624411358e+00,2.556495207340850340e-01,1.085134682700685360e+01,-1.000530941206208835e-01,5.344777729060027127e+00,2.341045726295223617e-01,1.071388864478595693e+01,2.008393545248996492e-01,5.375000000000000000e+00,5.620000000000000551e-01,5.403999805450439453e+00,-1.035130694508552551e-01
1.307414901214379555e+01,3.080566025830677040e-02,5.649596517565114162e+00,5.869047952120676204e-01,1.138582459991285667e+01,-7.664263685766864453e-02,5.344777729060027127e+00,2.341045726295223617e-01,1.171529596622840863e+01,-4.621065115529991718e-02,5.456013001025127984e+00,2.911184503843481930e-01,1.133429384183538602e+01,2.647201545970359615e-01,5.378000000000000114e+00,5.280000000000000249e-01,5.403999805450439453e+00,-1.035130694508552551e-01
1.252383488347016893e+01,4.028039528822539239e+00,5.180430203807000922e+00,4.621105123140285542e-01,1.226089726633092170e+01,-1.709880611686509511e-02,5.456013001025127984e+00,2.911184503843481930e-01,1.229821441673156102e+01,3.815230838696584414e-01,5.434731712064174047e+00,5.404901619444060223e-01,1.195511484080706133e+01,3.186596175262439989e-01,5.461999999999999744e+00,4.249999999999999889e-01,5.479000091552734375e+00,-8.896763622760772705e-02
1.068975317451518592e+01,2.941690756038910504e+00,5.582169131919829219e+00,3.786957022281030594e-01,1.284168758793797771e+01,4.355721000640990770e-01,5.434731712064174047e+00,5.404901619444060223e-01,1.244496118810567786e+01,6.672785608586176975e-01,5.356998352929107199e+00,6.562470854223747541e-01,1.248068475681446543e+01,3.544674642814015786e-01,5.592999999999999972e+00,3.320000000000000173e-01,5.603000164031982422e+00,-6.773645430803298950e-02
1.068975317451518592e+01,2.941690756038910504e+00,5.710802182717698905e+00,3.061010602669042568e-01,1.298066102339858929e+01,7.329032694008551507e-01,5.356998352929107199e+00,6.562470854223747541e-01,1.256684081850296408e+01,9.252936829442113265e-01,5.297767796156602316e+00,7.282399771716044912e-01,1.248068475681446543e+01,3.544674642814015786e-01,5.594999999999999751e+00,2.819999999999999729e-01,5.603000164031982422e+00,-5.354911834001541138e-02
1.049898481312023080e+01,1.063944532476265747e+00,5.528921689211377277e+00,1.845255322897037809e-01,1.309661759811862503e+01,9.981176806613717423e-01,5.297767796156602316e+00,7.282399771716044912e-01,1.262002680916578434e+01,9.734653100152336203e-01,5.210289657393166074e+00,6.532245111569363605e-01,1.312387514116717568e+01,3.878255621210014437e-01,5.482999999999999652e+00,1.650000000000000078e-01,5.486000061035156250e+00,-3.336221352219581604e-02
1.233618068661472122e+01,1.179671122189122068e+00,5.537446972168548420e+00,7.827013137733732084e-02,1.314105577490510157e+01,1.038787761130927301e+00,5.210289657393166074e+00,6.532245111569363605e-01,1.300445380446753241e+01,1.019570912974710586e+00,5.213720867333651476e+00,5.778568364671952118e-01,1.376059579795559706e+01,4.082169073705061435e-01,5.564000000000000057e+00,5.700000000000000205e-02,5.564000129699707031e+00,-1.413375511765480042e-02
1.449591612027566967e+01,-2.371456788188024412e+00,5.539220512444247291e+00,-9.292842325375672008e-02,1.352582589120089729e+01,1.077356596621430018e+00,5.213720867333651476e+00,5.778568364671952118e-01,1.372164921123176384e+01,7.075840349976461052e-01,5.295602584119499134e+00,2.892841298717154785e-01,1.439687395050290775e+01,4.154134526705324237e-01,5.564000000000000057e+00,-2.900000000000000147e-02,5.564000129699707031e+00,1.677487045526504517e-02
1.449591612027566967e+01,-2.371456788188024412e+00,5.612210195950993352e+00,-9.415293059857798852e-02,1.425120946964371349e+01,7.365124479848176309e-01,5.295602584119499134e+00,2.892841298717154785e-01,1.431076441622565021e+01,4.158798861842811223e-01,5.344280007206916316e+00,6.121569317596425863e-02,1.439687395050290775e+01,4.154134526705324237e-01,5.530000000000000249e+00,-1.199999999999999956e-01,5.532000064849853516e+00,1.677487045526504517e-02
1.347213125190627636e+01,-2.630467276465131010e-01,5.186079650310005285e+00,-2.016890046304499751e-01,1.484519241694634140e+01,4.220014555018775648e-01,5.344280007206916316e+00,6.121569317596425863e-02,1.458112936651760805e+01,3.411641813168863613e-01,5.264534874779071671e+00,-1.486574490445734253e-02,1.557151079169147323e+01,3.809879561258672220e-01,5.397999999999999687e+00,-2.929999999999999827e-01,5.406000137329101562e+00,3.887086734175682068e-02
1.422976624953346558e+01,-6.712509859204472962e-01,5.517976762312256866e+00,-3.156911503389318585e-01,1.510758285399551504e+01,3.396776068264406034e-01,5.264534874779071671e+00,-1.486574490445734253e-02,1.495412378549294097e+01,2.253511258212627655e-01,5.255925085820086551e+00,-1.145304180025525226e-01,1.619897890067610291e+01,3.443952338989391682e-01,5.395999999999999908e+00,-3.370000000000000218e-01,5.406000137329101562e+00,5.714909732341766357e-02
1.422976624953346558e+01,-6.712509859204472962e-01,5.721122808668405391e+00,-3.987233872553438419e-01,1.547971629407494909e+01,2.138980840210075174e-01,5.255925085820086551e+00,-1.145304180025525226e-01,1.526571995964169481e+01,1.126111205568915141e-01,5.256130828876071526e+00,-2.048038672575272501e-01,1.619897890067610291e+01,3.443952338989391682e-01,5.575999999999999623e+00,-3.820000000000000062e-01,5.589000225067138672e+00,6.958069652318954468e-02
1.814345347848647805e+01,2.617483212405579351e+00,5.572178238083894009e+00,-3.631623858522763926e-01,1.579133304252930259e+01,9.213073383113878911e-02,5.256130828876071526e+00,-2.048038672575272501e-01,1.624563705195399166e+01,3.258822060819545063e-01,5.398120675682841707e+00,-8.748196430534699308e-02,1.683802366193198452e+01,3.005731835369409577e-01,5.519999999999999574e+00,-3.420000000000000262e-01,5.530000209808349609e+00,6.508217751979827881e-02
1.696183317881290264e+01,-2.710764454511758181e+00,5.535347906232567006e+00,-3.096146097391516139e-01,1.678544911952227636e+01,3.171340096514198015e-01,5.398120675682841707e+00,-8.748196430534699308e-02,1.682443494219136326e+01,1.339007620567556067e-02,5.422334842921857856e+00,-2.877645659933452116e-01,1.747282457311256110e+01,2.598864566545739385e-01,5.520999999999999908e+00,-3.170000000000000040e-01,5.530000209808349609e+00,5.587586015462875366e-02
1.572563958119650707e+01,3.673256468611148517e-01,5.435154130469148193e+00,-3.102145135939882725e-01,1.736666842648354958e+01,-1.538638039365896118e-02,5.422334842921857856e+00,-2.877645659933452116e-01,1.705981642246385377e+01,2.012643923796689563e-02,5.351152861471217825e+00,-2.697605493070547866e-01,1.800727033581094361e+01,2.296958698780457442e-01,5.586999999999999744e+00,-3.220000000000000084e-01,5.596000194549560547e+00,5.701371282339096069e-02
1.760995840994089079e+01,-1.147060499904246855e+00,5.474951932985693048e+00,-3.148961588121444444e-01,1.759493170861097511e+01,-6.849615692738585115e-03,5.351152861471217825e+00,-2.697605493070547866e-01,1.760310941714970667e+01,-1.190355576026560502e-01,5.366612634859622588e+00,-3.396082072417695996e-01,1.865072393425345609e+01,1.926802524435174691e-01,5.528999999999999915e+00,-3.190000000000000058e-01,5.538000106811523438e+00,5.745248869061470032e-02
1.583887338585103421e+01,4.733677039129957631e-02,5.580776985995032469e+00,-3.209827698192587730e-01,1.813977068063566733e+01,-1.529963783268330213e-01,5.366612634859622588e+00,-3.396082072417695996e-01,1.771803018984674338e+01,-1.326760886239389259e-01,5.290252582677874571e+00,-3.257885866663239316e-01,1.928715848925019216e+01,1.556654709492843736e-01,5.528999999999999915e+00,-3.270000000000000129e-01,5.538000106811523438e+00,5.745248869061470032e-02
1.583887338585103421e+01,4.733677039129957631e-02,5.768836068226111280e+00,-3.425918407226266060e-01,1.824705544811452995e+01,-1.652549472905713301e-01,5.290252582677874571e+00,-3.257885866663239316e-01,1.781667203234982111e+01,-1.457748915083506569e-01,5.240736733863605501e+00,-3.164144716905304411e-01,1.928715848925019216e+01,1.556654709492843736e-01,5.530999999999999694e+00,-3.260000000000000120e-01,5.540999889373779297e+00,5.931698158383369446e-02
2.410331106151691571e+01,-1.514037417319493040e+00,5.646764123250491707e+00,-2.654478409107332015e-01,1.834074570573618246e+01,-1.774163386774036955e-01,5.240736733863605501e+00,-3.164144716905304411e-01,1.943781243303331863e+01,-3.030083059571355708e-01,5.544595746046754314e+00,-3.832637706868274874e-01,1.992233610154358203e+01,1.192812459486439908e-01,5.584999999999999964e+00,-2.419999999999999929e-01,5.590000152587890625e+00,4.697426036000251770e-02
1.989380764930240986e+01,2.803356720061547680e+00,5.488114875033783591e+00,-2.316127235257988415e-01,1.999227200763799317e+01,-3.413346830258183195e-01,5.544595746046754314e+00,-3.832637706868274874e-01,1.997138039730927517e+01,-3.037886946936774191e-02,5.533483354464397763e+00,-1.866936585058237841e-01,2.055865621566598733e+01,8.970625544008511976e-02,5.584999999999999964e+00,-2.369999999999999885e-01,5.590000152587890625e+00,4.217757284641265869e-02
1.987517225681595434e+01,4.682154493108304782e-01,5.446064313676982849e+00,-2.543403828063044991e-01,2.052472873275571530e+01,-4.904823531995011754e-02,5.533483354464397763e+00,-1.866936585058237841e-01,2.039926305543905372e+01,-3.175588233897193302e-03,5.494255007669140767e+00,-1.677574655821230110e-01,2.109073305076785587e+01,6.694979828887283324e-02,5.495000000000000107e+00,-2.660000000000000142e-01,5.500999927520751953e+00,4.666777700185775757e-02
2.104131674763163673e+01,-1.660138296217833709e+00,5.902657620402796290e+00,-2.511910152690062237e-01,2.094868855620596904e+01,-1.995133479210949370e-02,5.494255007669140767e+00,-1.677574655821230110e-01,2.098373169982286157e+01,-1.823846609750168768e-01,5.547163311286082532e+00,-2.709106237493506542e-01,2.172293043107192645e+01,3.721482873580313211e-02,5.703999999999999737e+00,-2.280000000000000082e-01,5.709000110626220703e+00,4.252991825342178345e-02
2.180717384747963905e+01,-2.263473736001848202e+00,5.837540571513375021e+00,-2.010025168112720417e-01,2.153844803095147142e+01,-2.094757233499519589e-01,5.547163311286082532e+00,-2.709106237493506542e-01,2.160136612584892291e+01,-4.029534221277861761e-01,5.593770505174727958e+00,-3.748558206826310135e-01,2.237088727906256125e+01,1.046205936349451672e-02,5.705000000000000071e+00,-2.020000000000000129e-01,5.709000110626220703e+00,3.441914170980453491e-02
2.287081652849396818e+01,-1.174981819345389145e+00,5.345831870427496746e+00,-1.840716389449036927e-01,2.216074317636639535e+01,-4.404390041960492552e-01,5.593770505174727958e+00,-3.748558206826310135e-01,2.228301797138621154e+01,-5.001834559631355148e-01,5.595605238117298263e+00,-3.880407565753223320e-01,2.301024198523994713e+01,-1.331292245406942056e-02,5.418999999999999595e+00,-2.560000000000000053e-01,5.425000190734863281e+00,3.441914170980453491e-02
2.539051818788455961e+01,3.167742033634022847e-01,5.434218992909070067e+00,-2.909071710452414972e-01,2.284257849519794092e+01,-5.389875316206677036e-01,5.595605238117298263e+00,-3.880407565753223320e-01,2.331288272255847005e+01,-4.511842768303148121e-01,5.689218686149727588e+00,-3.264651401130232444e-01,2.301024198523994713e+01,-1.331292245406942056e-02,5.416000000000000369e+00,-3.059999999999999942e-01,5.425000190734863281e+00,5.348142236471176147e-02
2.618914866451131118e+01,3.992051852675922774e+00,5.605656808300214067e+00,-3.237810637058445851e-01,2.388180459117344157e+01,-4.838307908416171199e-01,5.689218686149727588e+00,-3.264651401130232444e-01,2.431041026279733330e+01,-5.338902201288420191e-02,5.781471339783900376e+00,-7.752708204446295825e-02,2.417511033965642753e+01,-7.571099866110500565e-02,5.653999999999999915e+00,-2.720000000000000195e-01,5.660999774932861328e+00,5.769559741020202637e-02
2.618914866451131118e+01,3.992051852675922774e+00,5.812337766838064468e+00,-8.775553954295453596e-02,2.488855739677572387e+01,-6.114173021733049912e-02,5.781471339783900376e+00,-7.752708204446295825e-02,2.513352901076592261e+01,3.279290892141063507e-01,5.842788980345694050e+00,1.460703457316223364e-01,2.417511033965642753e+01,-7.571099866110500565e-02,5.575000000000000178e+00,3.500000000000000333e-02,5.574999809265136719e+00,1.509700156748294830e-02
2.724310922565506488e+01,1.542193843027619637e+00,5.286666748750792344e+00,2.785538778465004306e-01,2.571780790880049139e+01,3.425361237872686093e-01,5.842788980345694050e+00,1.460703457316223364e-01,2.597944595401157031e+01,4.654140319925538227e-01,5.843918590571032468e+00,2.318576491875283807e-01,2.480901241308723115e+01,-8.143334254616077517e-02,5.511000000000000121e+00,4.089999999999999747e-01,5.526000022888183594e+00,-5.264120921492576599e-02
2.634253799851599709e+01,1.171956433660802599e+00,5.491189041228143886e+00,5.119242530219473286e-01,2.656383781306867320e+01,4.885997969113066719e-01,5.843918590571032468e+00,2.318576491875283807e-01,2.650710281869383422e+01,5.702523351323809386e-01,5.791961765277557461e+00,3.103283334287021411e-01,2.544572448679036825e+01,-4.503582531841174991e-02,5.503999999999999559e+00,4.969999999999999973e-01,5.526000022888183594e+00,-9.295780211687088013e-02
2.796957230532646577e+01,-2.140091286735439802e+00,5.339532983635878693e+00,1.924469373074022827e-01,2.708629899522158979e+01,6.012851684752511527e-01,5.791961765277557461e+00,3.103283334287021411e-01,2.723216038911888859e+01,3.310262032439227342e-01,5.777034483516514385e+00,1.410408410978600813e-01,2.606994867277021655e+01,8.024348764602676903e-03,5.594000000000000306e+00,2.000000000000000111e-01,5.597000122070312500e+00,-3.602631017565727234e-02
2.858245062769806921e+01,-2.397297369416825141e+00,5.582499275883176182e+00,-9.807794568003239677e-01,2.780986383747054091e+01,3.451302873537087645e-01,5.777034483516514385e+00,1.410408410978600813e-01,2.794616239091151044e+01,1.756627353396778002e-02,5.788020871747625584e+00,-1.735665691682196643e-01,2.660219001726943944e+01,1.013876398341821521e-02,5.506999999999999673e+00,-9.699999999999999734e-01,5.592000007629394531e+00,1.739133745431900024e-01
2.752527487260538308e+01,-1.600487730600697323e-01,5.620910530819251072e+00,-9.875278624676515626e-01,2.852496447808627167e+01,2.096166171458128946e-04,5.788020871747625584e+00,-1.735665691682196643e-01,2.833045764787770437e+01,-6.157597029075483064e-02,5.723755069176596599e+00,-3.002392346054478245e-01,2.723362541147429638e+01,-1.059380640087189684e-01,5.419999999999999929e+00,-1.377000000000000002e+00,5.592000007629394531e+00,1.739133745431900024e-01
2.772226213650571225e+01,-1.988973455218408626e+00,5.081963564398712663e+00,-1.553139951379923334e+00,2.890283315479536341e+01,-9.159989375129962141e-02,5.723755069176596599e+00,-3.002392346054478245e-01,2.865387995882102246e+01,-3.453935636459751213e-01,5.594750207232157102e+00,-5.868862865726767186e-01,2.783516311641992047e+01,-2.933318183792301692e-01,5.211000000000000298e+00,-1.808000000000000052e+00,5.515999794006347656e+00,2.966029942035675049e-01
2.772226213650571225e+01,-1.988973455218408626e+00,5.389811180146164560e+00,-2.025956133843960227e+00,2.921335497954423843e+01,-4.040821923032428264e-01,5.594750207232157102e+00,-5.868862865726767186e-01,2.892515687131977842e+01,-6.384432207670984738e-01,5.504189845793018065e+00,-8.831180347004847775e-01,2.783516311641992047e+01,-2.933318183792301692e-01,5.163000000000000256e+00,-1.941000000000000059e+00,5.515999794006347656e+00,3.595474660396575928e-01
2.880360698631072225e+01,-9.271411018853700226e-01,4.864217606844704278e+00,-1.948585300822210264e+00,2.947557585589908058e+01,-7.267550242371469960e-01,5.504189845793018065e+00,-8.831180347004847775e-01,2.932197585869445788e+01,-8.067289833945454625e-01,5.397938513529365601e+00,-1.048409831976612416e+00,2.842493486350410592e+01,-5.162089478558934408e-01,5.048000000000000043e+00,-2.023000000000000131e+00,5.438000202178955078e+00,3.810199201107025146e-01
2.921578395348285184e+01,2.581357726454602819e+00,5.079784967686914676e+00,-2.050431778722831666e+00,2.986176971004739400e+01,-9.115699665922066819e-01,5.397938513529365601e+00,-1.048409831976612416e+00,2.972697779809463725e+01,-6.328722412315357371e-01,5.331295700841272911e+00,-9.994286657088010672e-01,2.890683317130186225e+01,-7.090763952824487015e-01,5.052999999999999936e+00,-2.041999999999999815e+00,5.449999809265136719e+00,3.836449980735778809e-01
2.847768950437151858e+01,-1.297912972138564491e+00,5.238791694932894316e+00,-2.062028822714871978e+00,3.026010736817876534e+01,-7.328151078024158771e-01,5.331295700841272911e+00,-9.994286657088010672e-01,2.992220705909811684e+01,-8.476872560376246257e-01,5.241262688291126182e+00,-1.184558382182800518e+00,2.948483657826121984e+01,-9.420879951668343910e-01,5.118999999999999773e+00,-1.993000000000000105e+00,5.493000030517578125e+00,3.749836683273315430e-01
3.028488779041772361e+01,-1.698631601171288086e+00,5.024075054848681887e+00,-1.850401800581134237e+00,3.044633332792722769e+01,-9.661430942559047219e-01,5.241262688291126182e+00,-1.184558382182800518e+00,3.040668209613597739e+01,-1.074500314233929110e+00,5.208155208717906604e+00,-1.321576073707183330e+00,3.007082271569310095e+01,-1.171117620629613887e+00,5.139000000000000234e+00,-1.939999999999999947e+00,5.493000030517578125e+00,3.528899252414703369e-01
2.815811538676905101e+01,-3.629946337216112706e+00,5.247408902620441573e+00,-1.932657210688661920e+00,3.092749761700776645e+01,-1.206657921604647354e+00,5.208155208717906604e+00,-1.321576073707183330e+00,3.041042082602460894e+01,-1.474439805078604948e+00,5.090134863545679345e+00,-1.544561726156349124e+00,3.067056012086558070e+01,-1.390779362697940114e+00,5.240000000000000213e+00,-1.832000000000000073e+00,5.551000118255615234e+00,3.528899252414703369e-01
3.063427311134357822e+01,3.064734888880433328e+00,5.173485178732854628e+00,-1.742335591454347465e+00,3.091943431237917750e+01,-1.628895977694239772e+00,5.090134863545679345e+00,-1.544561726156349124e+00,3.086962684283379943e+01,-1.188942994660938002e+00,5.087459719753712584e+00,-1.312536502084884926e+00,3.067056012086558070e+01,-1.390779362697940114e+00,5.270999999999999908e+00,-1.741000000000000103e+00,5.551000118255615234e+00,3.248509466648101807e-01
3.173780915448979556e+01,-2.688769570026068867e-01,5.356606231184915856e+00,-1.612328796366598649e+00,3.137837281480917184e+01,-1.320196644869426450e+00,5.087459719753712584e+00,-1.312536502084884926e+00,3.145736365755039543e+01,-1.236210092444497199e+00,5.135549224740135088e+00,-1.297533228454517795e+00,3.177901434834460659e+01,-1.740489767680815536e+00,5.280999999999999694e+00,-1.520000000000000018e+00,5.494999885559082031e+00,2.923723161220550537e-01
3.173780915448979556e+01,-2.688769570026068867e-01,5.304772493614822615e+00,-1.414031922505665451e+00,3.197091858002441001e+01,-1.365963415289948912e+00,5.135549224740135088e+00,-1.297533228454517795e+00,3.193458166609901028e+01,-1.267133088207673008e+00,5.145442276532273596e+00,-1.253467438326241634e+00,3.177901434834460659e+01,-1.740489767680815536e+00,5.283999999999999808e+00,-1.362000000000000099e+00,5.455999851226806641e+00,2.605013549327850342e-01
3.014347025696634930e+01,-1.318077372538177361e+00,5.192022925375471054e+00,-1.191565544198717852e+00,3.244912589375223888e+01,-1.392479832040297127e+00,5.145442276532273596e+00,-1.253467438326241634e+00,3.201923453068792469e+01,-1.381800011681775908e+00,5.048845194829102212e+00,-1.240379119197760449e+00,3.238707706323922508e+01,-1.901147411959761557e+00,5.421000000000000263e+00,-1.153999999999999915e+00,5.541999816894531250e+00,2.255927771329879761e-01
3.195785456877435848e+01,-1.593780533879663119e+00,5.384958231241527393e+00,-9.777292010612715911e-01,3.252411905017083171e+01,-1.505837923601551998e+00,5.048845194829102212e+00,-1.240379119197760449e+00,3.243260299335462093e+01,-1.499326608242691039e+00,5.063919430534552291e+00,-1.207259408035707748e+00,3.300323790254372369e+01,-2.039970563591575914e+00,5.445999999999999730e+00,-1.028999999999999915e+00,5.541999816894531250e+00,1.796100735664367676e-01
3.617776215054394129e+01,3.214986635784664593e+00,5.377266395044825842e+00,-7.476938142061110293e-01,3.293899493640807918e+01,-1.620052549046261836e+00,5.063919430534552291e+00,-1.207259408035707748e+00,3.355927393319819885e+01,-1.129050372439484473e+00,5.244873836295916192e+00,-8.722701461059603201e-01,3.363234817930678133e+01,-2.151701138709137595e+00,5.278999999999999915e+00,-7.670000000000000151e-01,5.334000110626220703e+00,1.381613314151763916e-01
3.495978754753175366e+01,-2.281743304323033517e+00,5.680484654521980481e+00,-6.711867769353173641e-01,3.408376131682778976e+01,-1.216277387050080483e+00,5.244873836295916192e+00,-8.722701461059603201e-01,3.426673388211639804e+01,-1.307248277352427879e+00,5.335745826109142165e+00,-9.023413263394567396e-01,3.414192843413630385e+01,-2.223192856838770215e+00,5.530999999999999694e+00,-6.540000000000000258e-01,5.570000171661376953e+00,1.176113039255142212e-01
3.457354518765090035e+01,-3.111991988726695801e+00,5.508679920341353231e+00,-6.508869129606601467e-01,3.480030846472731554e+01,-1.397482409986373630e+00,5.335745826109142165e+00,-9.023413263394567396e-01,3.476532109741288679e+01,-1.547978971787250746e+00,5.346363517523520237e+00,-9.611662032963299573e-01,3.477305769882494957e+01,-2.296916650724804221e+00,5.536999999999999922e+00,-6.039999999999999813e-01,5.570000171661376953e+00,1.176113039255142212e-01
3.813098001414907401e+01,-3.753022836216556968e+00,5.613605511533113379e+00,-5.849527876070774735e-01,3.529995744916524103e+01,-1.644095592116883831e+00,5.346363517523520237e+00,-9.611662032963299573e-01,3.584185807607190810e+01,-1.825400770901161041e+00,5.503741258243397105e+00,-1.023841857768631680e+00,3.540942740375640341e+01,-2.364141868048488249e+00,5.591999999999999638e+00,-5.999999999999999778e-01,5.624000072479248047e+00,1.038279756903648376e-01
3.813098001414907401e+01,-3.753022836216556968e+00,5.225666988866868756e+00,-6.423613590187531308e-01,3.639223220189624897e+01,-1.927784956678024297e+00,5.503741258243397105e+00,-1.023841857768631680e+00,3.670589900019918161e+01,-2.081517551637267260e+00,5.547555292884819522e+00,-1.070001889884661495e+00,3.540942740375640341e+01,-2.364141868048488249e+00,5.384999999999999787e+00,-7.790000000000000258e-01,5.440999984741210938e+00,1.223106905817985535e-01
3.365535116161080254e+01,-5.193881319323099710e+00,5.236324383191753640e+00,-8.319323526610198360e-01,3.726065452948766676e+01,-2.188517740625733232e+00,5.547555292884819522e+00,-1.070001889884661495e+00,3.657180545718941289e+01,-2.463873173751590873e+00,5.350612561733179007e+00,-1.202445702641287362e+00,3.604366970018756433e+01,-2.444492385814879487e+00,5.373999999999999666e+00,-8.529999999999999805e-01,5.440999984741210938e+00,1.575602591037750244e-01
3.699399536839152347e+01,-1.035004184992959431e+00,5.492121259917453813e+00,-9.221510042226208625e-01,3.710686671336273434e+01,-2.584117744015719698e+00,5.350612561733179007e+00,-1.202445702641287362e+00,3.709185295473851340e+01,-2.419222695671630508e+00,5.362521474558677781e+00,-1.075865772715856927e+00,3.656130909922848105e+01,-2.526339338937652723e+00,5.575000000000000178e+00,-9.389999999999999458e-01,5.653999805450439453e+00,1.663526594638824463e-01
3.901901948428711364e+01,-2.313603477383217477e+00,5.869743323969164095e+00,-5.867847058117515724e-01,3.762810510219438243e+01,-2.526809272943216111e+00,5.362521474558677781e+00,-1.075865772715856927e+00,3.791063168764586067e+01,-2.478445119466066604e+00,5.484765615426560714e+00,-9.932603368481834893e-01,3.719550609560492660e+01,-2.630380200213732422e+00,5.600999999999999979e+00,-7.690000000000000169e-01,5.653999805450439453e+00,9.963666647672653198e-02
3.795407842085349870e+01,-7.227687104041126132e-01,5.469801901254742305e+00,8.978410849558042806e-01,3.845910824918851745e+01,-2.577771153150885119e+00,5.484765615426560714e+00,-9.932603368481834893e-01,3.836385483813477038e+01,-2.291686437524539599e+00,5.460599618528735988e+00,-6.166238978696716444e-01,3.783599376667471859e+01,-2.679272579146891875e+00,5.557999999999999829e+00,2.899999999999999800e-01,5.565000057220458984e+00,-1.626942455768585205e-01
4.123929142948389881e+01,-2.624870759710854706e+00,3.116296892105882232e+00,5.115248107999879057e-01,3.890991479998764646e+01,-2.353348827311506852e+00,5.460599618528735988e+00,-6.166238978696716444e-01,3.924471534482091784e+01,-2.315170168588153388e+00,5.283670875068593453e+00,-4.684680875570254588e-01,3.834371852842507167e+01,-2.584065602345892998e+00,2.867999999999999883e+00,1.338999999999999968e+00,3.164999961853027344e+00,-1.626942455768585205e-01
4.041941058643155316e+01,-2.415422721214762536e+00,6.659456456440776551e-01,4.305407876406119327e-01,3.977308243232777585e+01,-2.362016977343855739e+00,5.283670875068593453e+00,-4.684680875570254588e-01,3.969412254034123322e+01,-2.315926011599126255e+00,4.760493252140928888e+00,-3.413547069100310583e-01,3.853886556559721299e+01,-2.461526559900221400e+00,5.470000000000000417e-01,5.360000000000000320e-01,7.649999856948852539e-01,-5.739181637763977051e-01
3.878305123754021366e+01,-3.080878727026238328e-01,3.707929546453461733e-01,3.814925823214343481e-01,4.017017186555532504e+01,-2.350061482290129344e+00,4.760493252140928888e+00,-3.413547069100310583e-01,3.972017195725848637e+01,-2.112568899653631149e+00,4.174462537277644714e+00,-1.233721751837852376e-01,3.856094503378127314e+01,-2.438453243850400742e+00,3.539999999999999813e-01,3.900000000000000133e-01,5.260000228881835938e-01,-7.996200323104858398e-01
3.878305123754021366e+01,-3.080878727026238328e-01,2.946098431459229783e-01,3.662035488645178916e-01,4.013761821098625404e+01,-2.124906117172009612e+00,4.174462537277644714e+00,-1.233721751837852376e-01,3.971580239246424071e+01,-1.922350548050772767e+00,3.650800864410504776e+00,4.835484121799055179e-02,3.856094503378127314e+01,-2.438453243850400742e+00,2.959999999999999853e-01,3.890000000000000124e-01,4.880000054836273193e-01,-8.933190107345581055e-01
3.696333050676212650e+01,-1.093025015127261357e+00,2.729417003703145661e-01,4.069432854157564727e-01,4.008088247890528777e+01,-1.917515063928973751e+00,3.650800864410504776e+00,4.835484121799055179e-02,3.935055950308823469e+01,-1.817820530274677271e+00,3.109009473917263122e+00,1.460242398964500254e-01,3.857685756622594653e+01,-2.418276713258330712e+00,2.670000000000000151e-01,4.219999999999999862e-01,4.990000128746032715e-01,-9.799984097480773926e-01
3.878165544561668554e+01,-1.666887270543248922e+00,4.610291472595733353e-01,8.053794607615496481e-01,3.966146045047996438e+01,-1.803218106285032318e+00,3.109009473917263122e+00,1.460242398964500254e-01,3.938194301040313405e+01,-1.752542179121903798e+00,2.753592745106918649e+00,2.489979845190857244e-01,3.859397697442755515e+01,-2.392434762950842231e+00,4.570000000000000173e-01,7.750000000000000222e-01,8.989999890327453613e-01,-1.050890207290649414e+00
3.792070996697901819e+01,-1.731337176439105008e+00,1.572877670640296044e+00,3.043605204931915331e+00,3.965730228491382547e+01,-1.727642380669995203e+00,2.753592745106918649e+00,2.489979845190857244e-01,3.928084638153735142e+01,-1.568762105368986859e+00,2.535549457126742290e+00,6.531490489253104492e-01,3.866707563377116941e+01,-2.259574698244946944e+00,1.512999999999999901e+00,2.931999999999999940e+00,3.299000024795532227e+00,-1.093814134597778320e+00
3.845746105903995726e+01,-3.624647186164458468e+00,2.713863023683074971e+00,4.658092556794277250e+00,3.953440132725002343e+01,-1.503447200476455858e+00,2.535549457126742290e+00,6.531490489253104492e-01,3.934038676282357727e+01,-1.479168794883838789e+00,2.509138706245630512e+00,1.114838705700890609e+00,3.882717943151672557e+01,-1.952413008568636199e+00,2.753000000000000114e+00,4.722999999999999865e+00,5.467000007629394531e+00,-1.043259859085083008e+00
3.845746105903995726e+01,-3.624647186164458468e+00,2.746081089373980877e+00,4.713391859183328592e+00,3.959130063344814232e+01,-1.367684924313749661e+00,2.509138706245630512e+00,1.114838705700890609e+00,3.938916707654342275e+01,-1.379613962036178698e+00,2.487212871744800324e+00,1.510188086228009485e+00,3.882717943151672557e+01,-1.952413008568636199e+00,2.753000000000000114e+00,4.722999999999999865e+00,5.467000007629394531e+00,-1.043259859085083008e+00
3.949114245177279514e+01,-3.823253856741101409e+00,3.615005804212925611e+00,4.397951820026326786e+00,3.963788836371790580e+01,-1.228595153413377661e+00,2.487212871744800324e+00,1.510188086228009485e+00,3.965925358824058122e+01,-1.313489091950789334e+00,2.615481389769795495e+00,1.783939615746086949e+00,3.955689525534687334e+01,-9.426493510734830217e-01,3.970000000000000195e+00,3.998000000000000220e+00,5.633999824523925781e+00,-8.827989697456359863e-01
3.949114245177279514e+01,-3.823253856741101409e+00,4.382227573847829127e+00,3.632484616925164556e+00,3.992080172721755815e+01,-1.135095130376180705e+00,2.615481389769795495e+00,1.783939615746086949e+00,3.991684856781672863e+01,-1.288191910962658948e+00,2.807568701846235193e+00,1.902132767255779955e+00,3.955689525534687334e+01,-9.426493510734830217e-01,4.605999999999999872e+00,3.138999999999999790e+00,5.572999954223632812e+00,-6.921237707138061523e-01
4.205989265416339151e+01,-1.433724181713852186e+00,4.861809408367489205e+00,2.740505175346873656e+00,4.019760543800135366e+01,-1.097978634237080975e+00,2.807568701846235193e+00,1.902132767255779955e+00,4.063544727110401311e+01,-1.082485435154002973e+00,3.135567498231686123e+00,2.004793982101034544e+00,4.005923128135290767e+01,-5.389122529209989798e-01,4.855000000000000426e+00,2.737000000000000099e+00,5.572999954223632812e+00,-5.132854580879211426e-01
4.143041384157015727e+01,-2.298203395763641410e+00,4.977997043242585740e+00,2.074607383401448679e+00,4.094900402092718394e+01,-8.820060369438995629e-01,3.135567498231686123e+00,2.004793982101034544e+00,4.111899626928875051e+01,-1.014174187188393139e+00,3.377068355076988659e+00,1.936252712848524293e+00,4.061401319443654501e+01,-2.343813644055421641e-01,5.046999999999999709e+00,1.975000000000000089e+00,5.420000076293945312e+00,-3.948667645454406738e-01
4.137624591546128983e+01,2.718163857676142992e-01,5.282167451155149962e+00,1.496263514503578307e+00,4.145670310479644627e+01,-8.205489159035407321e-01,3.377068355076988659e+00,1.936252712848524293e+00,4.152415783553313133e+01,-7.406048018717934500e-01,3.601161908415242863e+00,1.933249968614201952e+00,4.109779596322630368e+01,-4.460232169201901187e-02,5.232000000000000206e+00,1.387999999999999901e+00,5.413000106811523438e+00,-2.760355770587921143e-01
4.185138602504090954e+01,1.153149758171654882e-01,5.405645771203551497e+00,1.014393314385084954e+00,4.188427402637465491e+01,-5.472798050103732104e-01,3.601161908415242863e+00,1.933249968614201952e+00,4.195628117838216298e+01,-5.359373202286310534e-01,3.815339767861882780e+00,1.837093583002938235e+00,4.169669008184636994e+01,1.207313668482070945e-01,5.288999999999999702e+00,1.147999999999999909e+00,5.413000106811523438e+00,-1.854971200227737427e-01
4.141359233847910559e+01,-8.960860234410932268e-01,5.275910302688705755e+00,9.900478804683570111e-01,4.233781515516835015e+01,-3.522279619283372187e-01,3.815339767861882780e+00,1.837093583002938235e+00,4.222795426420889697e+01,-4.527760256313601017e-01,3.948925129775148868e+00,1.684332254162574261e+00,4.232142686831488021e+01,2.327996023198650455e-01,5.251000000000000334e+00,6.600000000000000311e-01,5.291999816894531250e+00,-1.854971200227737427e-01
4.152904701172072066e+01,-1.462469862512473018e+00,5.386153024431071579e+00,5.384475403914346092e-01,4.262284677718641035e+01,-2.843428002151026646e-01,3.948925129775148868e+00,1.684332254162574261e+00,4.248020854666080481e+01,-4.628940072752782409e-01,4.072207111636987342e+00,1.453109910631343205e+00,4.293085813518887761e+01,2.903489608336549122e-01,5.556000000000000050e+00,3.170000000000000040e-01,5.565000057220458984e+00,-9.963781386613845825e-02
4.152904701172072066e+01,-1.462469862512473018e+00,5.408168354414774726e+00,2.286595868275611010e-01,4.288742925782450044e+01,-3.175830162121439093e-01,4.072207111636987342e+00,1.453109910631343205e+00,4.269084111604755805e+01,-4.974153096524421835e-01,4.171664135210205515e+00,1.212365640276261702e+00,4.293085813518887761e+01,2.903489608336549122e-01,5.556000000000000050e+00,3.170000000000000040e-01,5.565000057220458984e+00,-4.225524514913558960e-02
4.388477894627892084e+01,2.004612042509234193e+00,5.620983094735366947e+00,1.069368672126471964e-01,4.310800752956858162e+01,-3.761787456248160133e-01,4.171664135210205515e+00,1.212365640276261702e+00,4.331629962836846204e+01,-2.102883401156853682e-01,4.379275882027652500e+00,1.184626766398099385e+00,4.346562147125442266e+01,3.133531345276666658e-01,5.506999999999999673e+00,7.499999999999999722e-02,5.506999969482421875e+00,-1.902228966355323792e-02
4.553771591187953049e+01,1.475517584848931252e+00,5.566960306959103377e+00,2.099913966118738956e-02,4.375422721657123049e+01,-9.182566347587542421e-02,4.379275882027652500e+00,1.184626766398099385e+00,4.413976993262878779e+01,-7.452155341276495149e-03,4.600229980126671947e+00,1.103295549869103276e+00,4.411191701847040036e+01,3.251490129796245077e-01,5.517000000000000348e+00,3.000000000000000062e-03,5.517000198364257812e+00,-3.772083669900894165e-03
4.892906951859595921e+01,1.845528913774706625e+00,5.454997394117150122e+00,5.253361605991622996e-03,4.459979293064145622e+01,1.028773996456338324e-01,4.600229980126671947e+00,1.103295549869103276e+00,4.544780629305287789e+01,2.078411912414037666e-01,4.894204319884694954e+00,1.041189018511788689e+00,4.474513292279254983e+01,3.274062407043193401e-01,5.517000000000000348e+00,0.000000000000000000e+00,5.517000198364257812e+00,-9.630362037569284439e-04
4.309834766363076142e+01,-5.839215377820511366e-01,5.221985361977472984e+00,-1.241588479986304241e-02,4.593722672504134863e+01,3.119600930925826576e-01,4.894204319884694954e+00,1.041189018511788689e+00,4.541963000780928184e+01,1.658006038338932231e-01,4.807583481314019913e+00,8.389921267524191872e-01,4.537440729115031246e+01,3.275583520754636879e-01,5.304000000000000270e+00,-1.000000000000000021e-02,5.303999900817871094e+00,2.377613214775919914e-03
4.633841901992657597e+01,1.770065499665828268e+00,5.477998559447430083e+00,-4.192830345815913920e-03,4.590038835594068445e+01,2.496998165091351418e-01,4.807583481314019913e+00,8.389921267524191872e-01,4.601148439680434876e+01,3.478158185066006491e-01,4.907106934433073775e+00,8.014175730296770883e-01,4.588439798347378940e+01,3.265376819152893684e-01,5.381000000000000227e+00,-4.000000000000000083e-03,5.381000041961669922e+00,7.653944194316864014e-04
5.150042581543702624e+01,1.532807541772142290e+00,5.419986760723149111e+00,1.201418379084716673e-02,4.650219509024765330e+01,4.279575758095683913e-01,4.907106934433073775e+00,8.014175730296770883e-01,4.746071080263214270e+01,4.891924377076018460e-01,5.189867153805784561e+00,7.485508086284948792e-01,4.650274610476253656e+01,3.262865077370893929e-01,5.501999999999999780e+00,5.000000000000000104e-03,5.501999855041503906e+00,-2.216640859842300415e-03
4.772488182740814722e+01,5.525268890024462864e-01,5.366986917633573384e+00,1.189670198067402374e-02,4.797969751801272054e+01,5.640475185704513228e-01,5.189867153805784561e+00,7.485508086284948792e-01,4.793963652298580058e+01,5.209657604197794889e-01,5.199742030501970369e+00,6.413233835463009180e-01,4.650274610476253656e+01,3.262865077370893929e-01,5.501999999999999780e+00,1.700000000000000122e-02,5.501999855041503906e+00,-2.216640859842300415e-03
4.765236192563128270e+01,-1.914743469721057245e+00,5.822896092617428465e+00,3.477875025233253398e-02,4.845961072603599717e+01,5.850980987744095474e-01,5.199742030501970369e+00,6.413233835463009180e-01,4.833538629749956783e+01,3.102152684116452064e-01,5.238439558417605113e+00,4.147430613366132057e-01,4.768369531563802610e+01,3.309456843795647862e-01,5.573000000000000398e+00,1.000000000000000021e-03,5.572999954223632812e+00,-5.972687155008316040e-03
5.095293044985498909e+01,6.667772068599725488e-01,5.546992459974544154e+00,-9.104241925529062140e-03,4.885923025334133030e+01,3.516895745453065270e-01,5.238439558417605113e+00,4.147430613366132057e-01,4.926480078845161614e+01,3.578298832588822087e-01,5.368083230460486632e+00,3.709130023281314026e-01,4.821573305071876803e+01,3.284080763273473647e-01,5.573000000000000398e+00,-4.100000000000000172e-02,5.572999954223632812e+00,1.641291892156004906e-03
5.095293044985498909e+01,6.667772068599725488e-01,5.455363720110578463e+00,-8.331301151804761107e-02,4.980160911149766179e+01,3.949211834916953601e-01,5.368083230460486632e+00,3.709130023281314026e-01,5.002106237618107087e+01,3.951744574990747050e-01,5.429528188854808590e+00,3.202867093239984975e-01,4.821573305071876803e+01,3.284080763273473647e-01,5.485999999999999766e+00,-8.500000000000000611e-02,5.486999988555908203e+00,1.527057401835918427e-02
4.880692237616366214e+01,3.159124567113630100e+00,5.747297996745393434e+00,-1.398841305252048750e-01,5.056401519506655262e+01,4.272031284314745658e-01,5.429528188854808590e+00,3.202867093239984975e-01,5.024863146047468376e+01,6.636159771014364939e-01,5.389644889682905671e+00,4.054098430942868481e-01,4.927219629227525388e+01,3.062929639580265206e-01,5.589999999999999858e+00,-1.330000000000000071e-01,5.591000080108642578e+00,2.433430776000022888e-02
4.880692237616366214e+01,3.159124567113630100e+00,5.632198679312095280e+00,-1.424502000374913702e-01,5.078759594944297362e+01,7.041569614108651454e-01,5.389644889682905671e+00,4.054098430942868481e-01,5.042707147178359151e+01,9.089483706742759184e-01,5.330866456700762868e+00,4.624655945808734958e-01,4.927219629227525388e+01,3.062929639580265206e-01,5.589000000000000412e+00,-1.509999999999999953e-01,5.591000080108642578e+00,2.528672106564044952e-02
4.798271870572317255e+01,5.118550641145674929e-01,5.570252692486459267e+00,-1.749669443750964115e-01,5.096015811745366619e+01,9.551949301323632291e-01,5.330866456700762868e+00,4.624655945808734958e-01,5.041277629854486264e+01,8.762538445382364038e-01,5.227542872810418295e+00,3.456153971617908494e-01,4.990812158526296116e+01,2.893551119343140687e-01,5.424999999999999822e+00,-1.660000000000000087e-01,5.500000000000000000e+00,3.140062838792800903e-02
5.386857128146060347e+01,-2.937770532501029486e+00,5.436889011581393483e+00,-1.515265211734384831e-01,5.093553058582590154e+01,9.108153842544154388e-01,5.227542872810418295e+00,3.456153971617908494e-01,5.149403388368193646e+01,5.125047780645348716e-01,5.382522497922108684e+00,5.996777246041140597e-02,5.042998170860862217e+01,2.732642421230340735e-01,5.379999999999999893e+00,-1.260000000000000009e-01,5.381000041961669922e+00,2.786286547780036926e-02
5.216789174036804866e+01,2.541543318798568762e+00,5.270275742672627217e+00,-8.737065323993319088e-02,5.203228613347414466e+01,5.185015553105760677e-01,5.382522497922108684e+00,5.996777246041140597e-02,5.205282619962262203e+01,7.045913311883763575e-01,5.375117729641883280e+00,1.509904233193503642e-01,5.095153284009579409e+01,2.593601481271124998e-01,5.381000000000000227e+00,-8.500000000000000611e-02,5.381000041961669922e+00,1.657648570835590363e-02
5.189054441424698183e+01,5.674101783560637102e+00,5.417255859576219912e+00,-8.980729023089192853e-02,5.259033797258680920e+01,7.196903735203113994e-01,5.375117729641883280e+00,1.509904233193503642e-01,5.246107383573945526e+01,1.182262005861398180e+00,5.349145412855699000e+00,3.912718298148647467e-01,5.146822595556090363e+01,2.512106438308222556e-01,5.434999999999999609e+00,-5.399999999999999939e-02,5.435999870300292969e+00,1.657648570835590363e-02
5.084034597830534352e+01,-1.121917532850210453e+00,5.522265154126163367e+00,-9.007749453078275903e-02,5.299598837702502863e+01,1.221389188842884721e+00,5.349145412855699000e+00,3.912718298148647467e-01,5.259967990053410603e+01,9.686884037822419691e-01,5.274316780641705726e+00,1.914987369224339930e-01,5.210698366117377844e+01,2.442043551775155419e-01,5.493999999999999773e+00,-1.069999999999999979e-01,5.495999813079833984e+00,1.631024666130542755e-02
4.872126793853184523e+01,1.345007994031401088e-01,5.418285198195880170e+00,-1.363317205855277547e-01,5.312711157859827438e+01,9.878382774744853823e-01,5.274316780641705726e+00,1.914987369224339930e-01,5.230801917541078438e+01,8.871230735296852243e-01,5.096298305907900783e+00,9.667783801149415490e-02,5.264035463287408589e+01,2.347072491300931929e-01,5.493999999999999773e+00,-1.390000000000000124e-01,5.495999813079833984e+00,2.515610679984092712e-02
5.343095487329095761e+01,1.840886308419259487e+00,5.519744380715213339e+00,-1.896005249460947506e-01,5.281764900600157375e+01,8.967908573308346343e-01,5.096298305907900783e+00,9.667783801149415490e-02,5.295088026345526799e+01,9.712394290481229930e-01,5.174075491372018831e+00,1.076822081800693498e-01,5.316840982426668205e+01,2.202820317657857019e-01,5.530000000000000249e+00,-1.700000000000000122e-01,5.532999992370605469e+00,3.433601185679435730e-02
5.076659965470251024e+01,1.451714767254757676e+00,5.447506791537687576e+00,-1.951232560954024309e-01,5.346828781259247165e+01,9.820076498661298725e-01,5.174075491372018831e+00,1.076822081800693498e-01,5.297403615316616055e+01,1.009909207776774176e+00,5.087038799641591780e+00,8.995204448177043788e-02,5.380133676524317821e+01,1.986212865915562842e-01,5.636999999999999567e+00,-2.059999999999999887e-01,5.640999794006347656e+00,3.580351173877716064e-02
5.413803242105243640e+01,1.812448217416562146e+00,5.497381656808498995e+00,-2.253826174800706295e-01,5.348274003313031955e+01,1.018904412224951317e+00,5.087038799641591780e+00,8.995204448177043788e-02,5.362326884166183305e+01,1.077224091418339302e+00,5.165110575656010283e+00,8.839194661103350059e-02,5.433873033529238938e+01,1.788285509408956142e-01,5.636000000000000121e+00,-2.230000000000000038e-01,5.640999794006347656e+00,4.097522795200347900e-02
5.413803242105243640e+01,1.812448217416562146e+00,5.595299448371977569e+00,-2.293970682746797884e-01,5.413977989922743461e+01,1.086063286079442580e+00,5.165110575656010283e+00,8.839194661103350059e-02,5.415808778192221951e+01,1.137786801196346120e+00,5.216440549146740047e+00,8.274733319233268380e-02,5.433873033529238938e+01,1.788285509408956142e-01,5.456999999999999851e+00,-2.359999999999999876e-01,5.461999893188476562e+00,4.097522795200347900e-02
5.605010896888565952e+01,-1.569993304113346921e+00,5.423588964299323578e+00,-3.362125996495539115e-01,5.467973183683689342e+01,1.146061534515579350e+00,5.216440549146740047e+00,8.274733319233268380e-02,5.494541246534772228e+01,8.610815411631527194e-01,5.301916026306886742e+00,-1.286975680437587033e-01,5.538434839216439087e+01,1.317808166118470403e-01,5.403999999999999915e+00,-3.350000000000000200e-01,5.414000034332275391e+00,6.191157177090644836e-02
5.590212342886326979e+01,1.232199882815163405e-01,5.503597742412663862e+00,-4.120357741786908057e-01,5.547560406797840926e+01,8.482117843587768657e-01,5.301916026306886742e+00,-1.286975680437587033e-01,5.556423881420523969e+01,7.623702370137194206e-01,5.344915958614090634e+00,-2.099536626755613145e-01,5.600496721249456300e+01,9.261150511683112485e-02,5.400999999999999801e+00,-3.790000000000000036e-01,5.414000034332275391e+00,7.472721487283706665e-02
5.615290370563965183e+01,-2.202110396009179905e+00,5.233168658033090281e+00,-4.073666130984399114e-01,5.609873041006665062e+01,7.413748707461632614e-01,5.344915958614090634e+00,-2.099536626755613145e-01,5.610403772529900124e+01,4.471545089831521769e-01,5.333962614557595572e+00,-4.019719840539627276e-01,5.654276132520979559e+01,5.201233715727170137e-02,5.294999999999999929e+00,-4.129999999999999782e-01,5.310999870300292969e+00,7.768654078245162964e-02
6.105075120933022959e+01,-1.289684223031535737e+00,5.557769157993041276e+00,-3.979777431442865776e-01,5.663743398675475760e+01,4.069573105777559152e-01,5.333962614557595572e+00,-4.019719840539627276e-01,5.747385792608677235e+01,2.440783223314865469e-01,5.556261209036297721e+00,-4.956100454505774078e-01,5.704882097235682181e+01,1.316411602334909350e-02,5.610999999999999766e+00,-4.040000000000000258e-01,5.625000000000000000e+00,7.148544490337371826e-02
5.619829869221394603e+01,2.296677602856985523e+00,5.615621113708501255e+00,-4.021203748581297921e-01,5.802948404699040452e+01,1.945173177864288061e-01,5.556261209036297721e+00,-4.956100454505774078e-01,5.768902687040600341e+01,4.019354277810655018e-01,5.482214990793368159e+00,-3.653480667467647880e-01,5.758646631185659004e+01,-2.497409417415582047e-02,5.612000000000000099e+00,-3.870000000000000107e-01,5.625000000000000000e+00,7.148544490337371826e-02
5.716475701336860027e+01,-1.714945184369974784e+00,5.523768918341311895e+00,-3.677913060733557504e-01,5.823724836948534289e+01,3.654006211063890452e-01,5.482214990793368159e+00,-3.653480667467647880e-01,5.803814294950615960e+01,1.652674304844045372e-01,5.439658646877689741e+00,-4.812250128093402690e-01,5.821019411045532621e+01,-6.584082643541193380e-02,5.461000000000000298e+00,-3.410000000000000253e-01,5.471000194549560547e+00,6.648526340723037720e-02
5.716475701336860027e+01,-1.714945184369974784e+00,5.580326088755366065e+00,-3.453152746854550870e-01,5.858210881419392990e+01,1.171449292034704992e-01,5.439658646877689741e+00,-4.812250128093402690e-01,5.832269554756896213e+01,-5.123891758478635317e-02,5.393665585776432181e+00,-5.632975861236725335e-01,5.821019411045532621e+01,-6.584082643541193380e-02,5.461000000000000298e+00,-3.390000000000000235e-01,5.471000194549560547e+00,6.180203706026077271e-02
6.256578755357932664e+01,3.099418122899238459e-01,5.568086584762615310e+00,-3.794352698158566795e-01,5.886206210614660250e+01,-1.075686761971536010e-01,5.393665585776432181e+00,-5.632975861236725335e-01,5.956342175987180809e+01,-5.695492617952301051e-02,5.578620661380864654e+00,-5.135095259978459392e-01,5.926614999770541914e+01,-1.362501843403306490e-01,5.532000000000000028e+00,-4.069999999999999729e-01,5.546999931335449219e+00,6.803945451974868774e-02
5.920471423850022319e+01,-4.026926801707875647e+00,5.339588345576363970e+00,-4.437997004434776627e-01,6.012128382600989340e+01,-1.083058787793076128e-01,5.578620661380864654e+00,-5.135095259978459392e-01,5.993923196594446523e+01,-4.810503381716774163e-01,5.509443253179133748e+00,-7.210275602656635030e-01,5.980395364735725394e+01,-1.824460489236729155e-01,5.544999999999999929e+00,-5.050000000000000044e-01,5.567999839782714844e+00,8.292436599731445312e-02
5.920471423850022319e+01,-4.026926801707875647e+00,5.084783989713973718e+00,-4.864501531084368113e-01,6.049017629126237949e+01,-5.531530941982437666e-01,5.509443253179133748e+00,-7.210275602656635030e-01,6.023098017105056812e+01,-8.737380997449297748e-01,5.401737895294438374e+00,-8.799878808433549970e-01,5.980395364735725394e+01,-1.824460489236729155e-01,5.410999999999999588e+00,-5.200000000000000178e-01,5.435999870300292969e+00,9.537754207849502563e-02
5.741112565998708561e+01,1.512234224225406765e+00,5.406626085946469651e+00,-5.139629308743497438e-01,6.077115396058000840e+01,-9.617368878292652523e-01,5.401737895294438374e+00,-8.799878808433549970e-01,6.014194515237494443e+01,-7.030458173498831398e-01,5.253439396809899797e+00,-6.896453498805055204e-01,6.043575334497266027e+01,-2.425111399932557976e-01,5.411999999999999922e+00,-5.100000000000000089e-01,5.435999870300292969e+00,9.477686882019042969e-02
6.148695921897274985e+01,-3.810241387533841007e+00,5.541145569319937181e+00,-4.694947679004569663e-01,6.066728909205593112e+01,-7.720103523379336918e-01,5.253439396809899797e+00,-6.896453498805055204e-01,6.083329765584253579e+01,-1.051546511405324846e+00,5.324139703294210157e+00,-8.265070439873467567e-01,6.095484971958710929e+01,-2.912198773366443949e-01,5.477000000000000313e+00,-4.159999999999999809e-01,5.493000030517578125e+00,8.452694118022918701e-02
6.383208465555607347e+01,9.609720546584472611e-01,5.410681700581903897e+00,-2.815136452813942758e-01,6.136571162617195796e+01,-1.134197215804059411e+00,5.324139703294210157e+00,-8.265070439873467567e-01,6.183147623304367357e+01,-9.017247054951188501e-01,5.443766267002184911e+00,-6.313044776301992567e-01,6.147749566979688751e+01,-3.330369158424537068e-01,5.418000000000000149e+00,-2.159999999999999976e-01,5.421999931335449219e+00,5.198236554861068726e-02
5.829289317062536213e+01,8.767061361861877566e-01,5.496893582162979186e+00,-1.521931125321747125e-01,6.237585285974389393e+01,-9.648551532581387535e-01,5.443766267002184911e+00,-6.313044776301992567e-01,6.161330988549126886e+01,-7.605171668288368547e-01,5.269199282476607848e+00,-4.597175632334582485e-01,6.210331964496572965e+01,-3.639864794699042005e-01,5.419999999999999929e+00,-1.509999999999999953e-01,5.421999931335449219e+00,2.768004126846790314e-02
6.389028227319912645e+01,-4.017701513423064252e-01,5.462742507839947415e+00,-5.302201531044932470e-02,6.214022981373892662e+01,-8.064889231521826796e-01,5.269199282476607848e+00,-4.597175632334582485e-01,6.247644413159657262e+01,-7.444079661375044843e-01,5.369872333765832728e+00,-3.783977376021610550e-01,6.262648248641851012e+01,-3.768952053808710678e-01,5.540000000000000036e+00,-3.200000000000000067e-02,5.539999961853027344e+00,9.705811738967895508e-03
6.374213629932593506e+01,-1.352283018079232901e+00,5.309171445873868578e+00,9.379739141523459056e-02,6.301343136497315811e+01,-7.822477398977205620e-01,5.369872333765832728e+00,-3.783977376021610550e-01,6.314730723846750493e+01,-8.101425946322650118e-01,5.394907469335712413e+00,-3.417296201746937712e-01,6.315534448625106734e+01,-3.795787859485666438e-01,5.344000000000000306e+00,1.719999999999999862e-01,5.347000122070312500e+00,-1.766521111130714417e-02
6.442318183186851854e+01,1.762278063627423563e+00,5.536282401797167019e+00,3.446525870880279285e-01,6.368679798540107839e+01,-8.443155566497343445e-01,5.394907469335712413e+00,-3.417296201746937712e-01,6.383086598415579971e+01,-5.546210118865528838e-01,5.444430839484964757e+00,-9.766943503212907607e-02,6.367403840970854390e+01,-3.665504623442525367e-01,5.339000000000000412e+00,2.909999999999999809e-01,5.347000122070312500e+00,-6.217319890856742859e-02
6.066385507581184555e+01,4.505355191116057756e-01,5.248023202846156643e+00,5.522507935750523567e-01,6.437530906810430054e+01,-5.643879553897658274e-01,5.444430839484964757e+00,-9.766943503212907607e-02,6.367154922425154950e+01,-4.297861553053442529e-01,5.256505917853204757e+00,5.272816622351189642e-02,6.430069589563622401e+01,-3.246764103810658719e-01,5.384000000000000341e+00,5.669999999999999485e-01,5.414000034332275391e+00,-1.048443913459777832e-01
6.313726901946836279e+01,-3.751819656738683673e+00,5.420714665665324006e+00,7.831884218915287077e-01,6.419719981603687131e+01,-4.245133386829930688e-01,5.256505917853204757e+00,5.272816622351189642e-02,6.400576056469874686e+01,-7.027625227540017505e-01,5.229163335161672421e+00,-2.634860001187200318e-02,6.481756257972132573e+01,-2.661607734693737237e-01,5.408999999999999808e+00,8.169999999999999485e-01,5.471000194549560547e+00,-1.434877365827560425e-01
6.876272964481464101e+01,1.425751698774282650e+00,5.212923858454253434e+00,8.938379098724955618e-01,6.452867689821491126e+01,-7.053973827551889286e-01,5.229163335161672421e+00,-2.634860001187200318e-02,6.532112145981321305e+01,-4.480876181670344072e-01,5.414833325681144061e+00,2.251392550761515676e-01,6.533411073658793100e+01,-1.884682042190261864e-01,5.395999999999999908e+00,9.030000000000000249e-01,5.471000194549560547e+00,-1.698143929243087769e-01
6.592805948847744446e+01,2.353730930445522507e+00,5.440607316967478901e+00,9.677129096587169244e-01,6.586260479238133314e+01,-4.255736926594192449e-01,5.414833325681144061e+00,2.251392550761515676e-01,6.587598265305094003e+01,-1.160738176570804692e-01,5.420813601010225469e+00,4.869206653189837031e-01,6.585230684267563106e+01,-9.831904017721483646e-02,5.456000000000000405e+00,9.759999999999999787e-01,5.543000221252441406e+00,-1.760276108980178833e-01
6.789973771521638923e+01,-9.123763905332227253e-01,5.628915708714566257e+00,9.706959997710719046e-01,6.641806401315196240e+01,-6.738175112518210441e-02,5.420813601010225469e+00,4.869206653189837031e-01,6.670463469226258724e+01,-1.210499801071784204e-01,5.511334587837852794e+00,5.099956065700729235e-01,6.647857713670256885e+01,1.280458146685361891e-02,5.379999999999999893e+00,9.270000000000000462e-01,5.460000038146972656e+00,-1.707685589790344238e-01
6.789973771521638923e+01,-9.123763905332227253e-01,5.595410336384338379e+00,9.649180608970823192e-01,6.725576815104636808e+01,-7.005041945017112526e-02,5.511334587837852794e+00,5.099956065700729235e-01,6.738004242756433371e+01,-1.251061203451224735e-01,5.549915856804620518e+00,5.290439714155605877e-01,6.647857713670256885e+01,1.280458146685361891e-02,5.383000000000000007e+00,9.130000000000000338e-01,5.460000038146972656e+00,-1.707685589790344238e-01
6.516358327839975573e+01,-1.509973875311869940e-01,5.654526007366949436e+00,8.955219372263897304e-01,6.793503401324480251e+01,-7.220172320356640916e-02,5.549915856804620518e+00,5.290439714155605877e-01,6.742040089558834381e+01,-5.889499059586821017e-02,5.439613927655678083e+00,5.776946687047825879e-01,6.752888917870154728e+01,1.901145705140490083e-01,5.519999999999999574e+00,8.910000000000000142e-01,5.591000080108642578e+00,-1.570680737495422363e-01
6.737760072903564890e+01,1.251506103802074055e+00,5.307846930938254104e+00,8.406174734897650103e-01,6.796436228835391091e+01,-1.125523725389945828e-03,5.439613927655678083e+00,5.776946687047825879e-01,6.784873863303687358e+01,1.342774010765174220e-01,5.397868455925327602e+00,6.852971291717654401e-01,6.805823183052163472e+01,2.715923317700746353e-01,5.456000000000000405e+00,7.409999999999999920e-01,5.506000041961669922e+00,-1.570680737495422363e-01
6.981035649759259343e+01,-1.279428647391078977e+00,5.517188189431279532e+00,7.355204365203996675e-01,6.838852547862940412e+01,2.028071139936939715e-01,5.397868455925327602e+00,6.852971291717654401e-01,6.866004013043342979e+01,6.317412925397306034e-02,5.475128357932671719e+00,6.102541670356932402e-01,6.868515443745346261e+01,3.550779362094809155e-01,5.459999999999999964e+00,7.099999999999999645e-01,5.506000041961669922e+00,-1.325328946113586426e-01
7.120492732510028588e+01,-1.335319148384351562e-01,5.502374894593443422e+00,7.100513736457507719e-01,6.920755296622670016e+01,1.241995459575423871e-01,5.475128357932671719e+00,6.102541670356932402e-01,6.958289333915860198e+01,1.051089407789398550e-01,5.566887836422810487e+00,6.103819319139905941e-01,6.920758104285117440e+01,4.224159252434513401e-01,5.442000000000000171e+00,7.029999999999999583e-01,5.486999988555908203e+00,-1.283352971076965332e-01
6.860922825298730743e+01,-3.907172542954677197e-01,5.411284931391423747e+00,6.227396584426769799e-01,7.013958212280088844e+01,1.661471339703389227e-01,5.566887836422810487e+00,6.103819319139905941e-01,6.984616658226909180e+01,1.133171319788687237e-01,5.480483468971902639e+00,5.812468227648976971e-01,6.973080873436923355e+01,4.742781658268536149e-01,5.511999999999999567e+00,3.250000000000000111e-01,5.521999835968017578e+00,-1.145776212215423584e-01
7.037597599608243115e+01,2.030088139535055181e+00,5.564836048324494300e+00,3.194909027728957129e-01,7.039421492916628154e+01,1.714418142553584823e-01,5.480483468971902639e+00,5.812468227648976971e-01,7.039445234899818615e+01,3.352079822108797735e-01,5.489755403686270796e+00,6.465851981999418685e-01,7.025588273992117649e+01,5.064386860237781729e-01,5.511000000000000121e+00,3.459999999999999742e-01,5.521999835968017578e+00,-5.734949931502342224e-02
7.037597599608243115e+01,2.030088139535055181e+00,5.317874201618099761e+00,5.854169072833045329e-01,7.094342788936681643e+01,3.998665020308739826e-01,5.489755403686270796e+00,6.465851981999418685e-01,7.082968373998195943e+01,5.531024638412280758e-01,5.444071909955652266e+00,7.282622986390623332e-01,7.025588273992117649e+01,5.064386860237781729e-01,5.397000000000000242e+00,7.770000000000000240e-01,5.453000068664550781e+00,-1.096432730555534363e-01
7.086176421835699557e+01,-6.721902178971270736e+00,5.465999757295327832e+00,1.112174185669290161e+00,7.137409093097753043e+01,6.259286937051342647e-01,5.444071909955652266e+00,7.282622986390623332e-01,7.127906871917514309e+01,-5.857965851090440879e-02,5.423991115941667829e+00,3.757796284489277605e-01,7.087244844417830336e+01,5.807458885943409532e-01,5.360999999999999766e+00,1.459999999999999964e+00,5.556000232696533203e+00,-2.007311284542083740e-01
6.991746473291112807e+01,-7.098755102077922707e-01,5.372856538805013571e+00,1.734856645261140695e+00,7.182146783076930774e+01,-2.100169566601162857e-02,5.423991115941667829e+00,3.757796284489277605e-01,7.146258352050985252e+01,-9.786954360036355383e-03,5.333514300341494874e+00,5.341729126591689969e-01,7.138509416510167682e+01,6.969226140398037117e-01,5.246000000000000441e+00,1.830999999999999961e+00,5.556000232696533203e+00,-3.123248219490051270e-01
6.918820381102436556e+01,4.447689493264436744e-01,5.084702662095365255e+00,2.472551847406624148e+00,7.199593495054399739e+01,4.363033690588054986e-02,5.333514300341494874e+00,5.341729126591689969e-01,7.145919579188500848e+01,1.926417524035935191e-01,5.179371021563743405e+00,8.369156759952560698e-01,7.188319063178673218e+01,8.706644307577390274e-01,4.844999999999999751e+00,2.494000000000000217e+00,5.448999881744384766e+00,-4.526055455207824707e-01
7.173915362316395772e+01,-1.360889957704422448e+00,4.457965703879811947e+00,2.803086800922560240e+00,7.197713289404138948e+01,2.763333200031191650e-01,5.179371021563743405e+00,8.369156759952560698e-01,7.190130284246583869e+01,2.309704685098492583e-01,5.082618518725005252e+00,1.030487710172117266e+00,7.244051027261858167e+01,1.149191571815755486e+00,4.538999999999999702e+00,3.096999999999999975e+00,5.494999885559082031e+00,-5.613140463829040527e-01
7.080243587461306731e+01,2.386619584402137617e-01,4.325572960455148497e+00,3.247568120480923248e+00,7.240956469433834286e+01,3.340192395270609738e-01,5.082618518725005252e+00,1.030487710172117266e+00,7.207571348682293433e+01,4.511803244603977414e-01,4.920940093475899779e+00,1.345985387818238177e+00,7.287706041296411286e+01,1.434975220714662880e+00,4.395999999999999908e+00,3.295999999999999819e+00,5.494999885559082031e+00,-6.440022587776184082e-01
7.548709106413728875e+01,7.567622973026568722e+00,4.375655064786488246e+00,3.728893212117337708e+00,7.256780749617053061e+01,5.857788632422216146e-01,4.920940093475899779e+00,1.345985387818238177e+00,7.309104407153343175e+01,1.392755244467554165e+00,4.985132008110225499e+00,2.078480111625551352e+00,7.329551362960204131e+01,1.756964041637886886e+00,4.182000000000000384e+00,3.649000000000000021e+00,5.550000190734863281e+00,-7.057645916938781738e-01
7.323659515340618498e+01,1.697439743120106037e+00,3.944014787143606871e+00,3.777203725484695074e+00,7.358955727234445021e+01,1.600603255630109301e+00,4.985132008110225499e+00,2.078480111625551352e+00,7.347833843731733339e+01,1.706705142891933979e+00,4.845079173797343763e+00,2.329648594607456324e+00,7.369562959614444253e+01,2.105483604379381646e+00,3.950000000000000178e+00,3.843999999999999861e+00,5.512000083923339844e+00,-7.637972831726074219e-01
7.216780340637582469e+01,-2.894738601001012324e+00,3.908542418856418621e+00,4.017377424864857716e+00,7.396284635469706359e+01,1.939670002352679612e+00,4.845079173797343763e+00,2.329648594607456324e+00,7.358601862224662682e+01,1.571080326301671493e+00,4.653625157060597317e+00,2.305389853399634870e+00,7.415298128118313059e+01,2.546609951633687974e+00,3.869000000000000217e+00,3.926000000000000156e+00,5.512000083923339844e+00,-7.991288304328918457e-01
7.663556504220156285e+01,4.207058979540691190e+00,3.746480304252817639e+00,4.087898136689021911e+00,7.405138113795268850e+01,1.801619311641635024e+00,4.653625157060597317e+00,2.305389853399634870e+00,7.449616954008301661e+01,2.134432703243497986e+00,4.659726718180084326e+00,2.696880038070553542e+00,7.451906633307174843e+01,2.927612615650259986e+00,3.815999999999999837e+00,4.160999999999999588e+00,5.645999908447265625e+00,-8.289500474929809570e-01
7.581276100825725450e+01,4.764408542684710035e+00,3.532437709735875675e+00,3.963251820015198046e+00,7.496214221190102478e+01,2.404120707050553474e+00,4.659726718180084326e+00,2.696880038070553542e+00,7.507265248707369665e+01,2.703184200836614703e+00,4.562706980592170503e+00,3.011182276484919207e+00,7.488162660555784100e+01,3.325805021464693478e+00,3.629000000000000004e+00,4.089999999999999858e+00,5.467999935150146484e+00,-8.428099155426025391e-01
7.633360540843918329e+01,6.244680239042705416e+00,3.541050299226886633e+00,4.103335668132884528e+00,7.552892318513291059e+01,3.004302428485106535e+00,4.562706980592170503e+00,3.011182276484919207e+00,7.563540420428729760e+01,3.378046456949292953e+00,4.476274818728153804e+00,3.349148743486227264e+00,7.523115587210784838e+01,3.719938589053195521e+00,3.596999999999999975e+00,4.118000000000000327e+00,5.467999935150146484e+00,-8.588212728500366211e-01
7.633360540843918329e+01,6.244680239042705416e+00,3.620103143928268707e+00,4.194941358512762619e+00,7.608303168616011192e+01,3.712961331297915724e+00,4.476274818728153804e+00,3.349148743486227264e+00,7.609288239168756718e+01,4.004540932036126044e+00,4.385065539604855900e+00,3.612116419860464500e+00,7.523115587210784838e+01,3.719938589053195521e+00,3.604000000000000092e+00,4.192000000000000171e+00,5.528999805450439453e+00,-8.588212728500366211e-01
7.554176133801556148e+01,8.660142255921467580e+00,3.530084692069480834e+00,4.201981097729277970e+00,7.653138894564804673e+01,4.365752574022172539e+00,4.385065539604855900e+00,3.612116419860464500e+00,7.630896932000561605e+01,4.812203812114548285e+00,4.239045323644886842e+00,3.935936125281823905e+00,7.599306154195184604e+01,4.610524965174311873e+00,3.459999999999999964e+00,4.123000000000000220e+00,5.381999969482421875e+00,-8.720778226852416992e-01
7.633866735156740901e+01,4.607072068494148631e+00,3.471554441103809285e+00,4.138829934494840046e+00,7.673287385237010483e+01,5.205797424642730320e+00,4.239045323644886842e+00,3.935936125281823905e+00,7.662578201589693094e+01,5.159799780977781580e+00,4.129863195212558402e+00,3.932045413859215799e+00,7.632385683035728619e+01,5.004844023514631424e+00,3.456999999999999851e+00,4.125000000000000000e+00,5.381999969482421875e+00,-8.728541135787963867e-01
7.664350924496375228e+01,5.696394933096479818e+00,3.551242150519641427e+00,4.233834602500767375e+00,7.703876833541818314e+01,5.553004322363703338e+00,4.129863195212558402e+00,3.932045413859215799e+00,7.693966092093289433e+01,5.583984987550569379e+00,4.043204299275700464e+00,3.983674386337763718e+00,7.664008760447988777e+01,5.380274607149270416e+00,3.556000000000000050e+00,4.177999999999999936e+00,5.486000061035156250e+00,-8.728541135787963867e-01
7.652566039544464616e+01,4.671957684329405502e+00,3.599777348871461502e+00,4.197916788007159283e+00,7.734398135086046011e+01,5.982352426184346150e+00,4.043204299275700464e+00,3.983674386337763718e+00,7.717147989736959346e+01,5.868585107154859593e+00,3.953955201679488773e+00,3.941906095046607827e+00,7.704889345139100953e+01,5.857869459267105228e+00,3.528000000000000025e+00,4.108999999999999986e+00,5.414999961853027344e+00,-8.619554638862609863e-01
7.759958966058357532e+01,6.270785819815206885e+00,3.550241268973487241e+00,4.128415410477723313e+00,7.756687541753754545e+01,6.262775716659520597e+00,3.953955201679488773e+00,3.941906095046607827e+00,7.755551527456623262e+01,6.274172985364287136e+00,3.907161108630951674e+00,3.969337237683086883e+00,7.738471651060983447e+01,6.249207330648414604e+00,3.525999999999999801e+00,4.110000000000000320e+00,5.414999961853027344e+00,-8.605526089668273926e-01
7.943572258896745097e+01,9.672491862369160032e+00,3.698727380158588041e+00,4.348804206951077056e+00,7.794623138542932850e+01,6.671106709132596180e+00,3.907161108630951674e+00,3.969337237683086883e+00,7.821622268689179691e+01,6.981266631473259210e+00,3.948252616898412004e+00,4.190912481115288912e+00,7.771422243088512971e+01,6.639960124052654677e+00,3.535000000000000142e+00,4.259999999999999787e+00,5.535999774932861328e+00,-8.660027980804443359e-01
7.943572258896745097e+01,9.672491862369160032e+00,3.488341683498664914e+00,4.269032844257380610e+00,7.861104794858164269e+01,7.400357879584787746e+00,3.948252616898412004e+00,4.190912481115288912e+00,7.874560817264598711e+01,7.623240669155821436e+00,3.929834717649622000e+00,4.328389438587960214e+00,7.771422243088512971e+01,6.639960124052654677e+00,3.500000000000000000e+00,4.288999999999999702e+00,5.535999774932861328e+00,-8.856990337371826172e-01
7.981357932024880597e+01,5.609602524836733828e+00,3.447455021549593823e+00,4.246875507839756203e+00,7.913859164441095118e+01,8.056079613014617280e+00,3.929834717649622000e+00,4.328389438587960214e+00,7.924413829473684245e+01,7.816242990741361751e+00,3.902099190276645313e+00,4.180740034554873752e+00,7.811241960488270308e+01,7.127804114035452443e+00,3.387000000000000011e+00,4.176999999999999602e+00,5.377999782562255859e+00,-8.889240622520446777e-01
8.007964289188390694e+01,2.028952433120450927e+00,3.488681297174848872e+00,4.308716799273259568e+00,7.963434821376451112e+01,8.234316994196849038e+00,3.902099190276645313e+00,4.180740034554873752e+00,7.969985473758688954e+01,7.645056534215563637e+00,3.872426889942440997e+00,3.854667855229360285e+00,7.843708848913516363e+01,7.528152777374343962e+00,3.499000000000000110e+00,4.322000000000000064e+00,5.560999870300292969e+00,-8.901808261871337891e-01
7.451708507508993762e+01,8.461574270228918948e+00,3.349598596654206339e+00,4.162671924174020432e+00,8.008709742658113839e+01,8.030523319738499310e+00,3.872426889942440997e+00,3.854667855229360285e+00,7.902104121196593667e+01,8.089512323385596559e+00,3.563142225947374619e+00,3.923170100120959791e+00,7.876644945081196170e+01,7.934890105361045443e+00,3.435000000000000053e+00,4.317999999999999616e+00,5.518000125885009766e+00,-8.932111859321594238e-01
7.912406562022343337e+01,8.962962819651142610e+00,3.477317953927594907e+00,4.411229987697214305e+00,7.937735543456066978e+01,8.481829333397692849e+00,3.563142225947374619e+00,3.923170100120959791e+00,7.932618987707854785e+01,8.555892520309027915e+00,3.541663003396454013e+00,4.020506039893295913e+00,7.909833574253471511e+01,8.349127127349126098e+00,3.415000000000000036e+00,4.333999999999999631e+00,5.518000125885009766e+00,-9.032379984855651855e-01
7.906584042287596503e+01,7.510167194534957069e+00,3.261379370612442763e+00,4.159951709038681500e+00,7.968035617741819010e+01,8.957943124298356707e+00,3.541663003396454013e+00,4.020506039893295913e+00,7.955309989020742023e+01,8.826706784768928671e+00,3.480940064434124182e+00,3.960286390340995055e+00,7.948917436586879148e+01,8.845500304157459581e+00,3.339999999999999858e+00,4.250000000000000000e+00,5.405000209808349609e+00,-9.058912992477416992e-01
7.790610265735060125e+01,1.333847363173280698e+01,3.457492239592574013e+00,4.386111357370992891e+00,7.990119389665083816e+01,9.222735423803028354e+00,3.480940064434124182e+00,3.960286390340995055e+00,7.952644576663456633e+01,9.642665098650457622e+00,3.389735695418925943e+00,4.250450251363214527e+00,7.981052064857195205e+01,9.254440619507533938e+00,3.380999999999999783e+00,4.290000000000000036e+00,5.461999893188476562e+00,-9.032415151596069336e-01
7.790359282462956969e+01,6.355817391014523920e+00,3.323080129318485731e+00,4.213204995883525150e+00,7.986541933617645839e+01,1.006771012378677987e+01,3.389735695418925943e+00,4.250450251363214527e+00,7.949503084954432097e+01,9.708745219323347442e+00,3.294841975934077460e+00,4.038936511370720517e+00,8.013265275892752015e+01,9.663147284369003387e+00,3.382000000000000117e+00,4.288999999999999702e+00,5.461999893188476562e+00,-9.029653668403625488e-01
8.023240466345474431e+01,9.206381453064391707e+00,3.502184457127669237e+00,4.392792775803211036e+00,7.982451504713772295e+01,1.011263887046041887e+01,3.294841975934077460e+00,4.038936511370720517e+00,7.990990517549525407e+01,1.004567841559283359e+01,3.337692884713223229e+00,4.039811276335093737e+00,8.046437883358386500e+01,1.008351261701174906e+01,3.363999999999999879e+00,4.222999999999999865e+00,5.399000167846679688e+00,-8.977302312850952148e-01
8.363123583783041681e+01,1.342324669551297589e+01,3.538941509964011800e+00,4.288297139047402950e+00,8.024367446396657044e+01,1.044965954322634261e+01,3.337692884713223229e+00,4.039811276335093737e+00,8.088697051453928566e+01,1.074968386055822123e+01,3.511844641765809349e+00,4.240891004158178212e+00,8.085827684358915235e+01,1.057606346717252954e+01,3.581999999999999851e+00,4.310999999999999943e+00,5.605000019073486328e+00,-8.808441758155822754e-01
8.014132797678833242e+01,8.406743837287812937e+00,3.754971981191163710e+00,4.421740357876180028e+00,8.123815497871586899e+01,1.117377296097403949e+01,3.511844641765809349e+00,4.240891004158178212e+00,8.104322276220982246e+01,1.091806942231803923e+01,3.492297931832015312e+00,4.113402832106441309e+00,8.119861268929270182e+01,1.098603375154804418e+01,3.619000000000000217e+00,4.280000000000000249e+00,5.605000019073486328e+00,-8.667629361152648926e-01
8.084513592717833319e+01,9.655776692676248274e+00,3.490204000920601235e+00,3.931224327241579886e+00,8.139245255539302093e+01,1.132940970552868265e+01,3.492297931832015312e+00,4.113402832106441309e+00,8.128983523108223608e+01,1.115813460056153161e+01,3.467796143711747714e+00,3.994104818311944971e+00,8.154076814592299627e+01,1.138579495072735348e+01,3.572999999999999954e+00,4.024000000000000021e+00,5.381000041961669922e+00,-8.447536230087280273e-01
8.161276245118401107e+01,1.109030444723234332e+01,3.941669688698491214e+00,4.287448505551307854e+00,8.163661484545340841e+01,1.155754508239272660e+01,3.467796143711747714e+00,3.994104818311944971e+00,8.165267426734084211e+01,1.152934151183025691e+01,3.523366951272336234e+00,4.010602908108748643e+00,8.188494920673848299e+01,1.177070362729678799e+01,3.867999999999999883e+00,4.206000000000000405e+00,5.714000225067138672e+00,-8.273923993110656738e-01
8.300514507281177146e+01,8.977874113004649104e+00,3.773147013886689827e+00,4.104142356802973346e+00,8.200501096246807720e+01,1.193040180264113204e+01,3.523366951272336234e+00,4.010602908108748643e+00,8.220318220639441620e+01,1.165189048592750787e+01,3.597531449636334422e+00,3.860180826358174055e+00,8.232650423019552477e+01,1.224880249576953695e+01,3.910000000000000142e+00,4.168000000000000149e+00,5.714000225067138672e+00,-8.094127774238586426e-01
8.020601487121793127e+01,1.255363838214839234e+01,3.967172262543939620e+00,3.989162747214696658e+00,8.256293535135804973e+01,1.203790856856332603e+01,3.597531449636334422e+00,3.860180826358174055e+00,8.213743530417002603e+01,1.209483756970257851e+01,3.537268390887785330e+00,3.907482358675960388e+00,8.269147539106492673e+01,1.262839062328620088e+01,3.853000000000000203e+00,3.899000000000000021e+00,5.481999874114990234e+00,-7.881620526313781738e-01
8.454331588737545644e+01,1.281303752831370346e+01,3.665368202055420355e+00,3.685685752674785931e+00,8.249116214325880492e+01,1.248558580557017450e+01,3.537268390887785330e+00,3.907482358675960388e+00,8.288113295225221577e+01,1.250442749442524715e+01,3.643507067724196968e+00,3.893573930720309217e+00,8.306186342235110942e+01,1.299997456165723975e+01,3.854000000000000092e+00,3.851999999999999869e+00,5.448999881744384766e+00,-7.881620526313781738e-01
8.297775417498564821e+01,1.532300503350717591e+01,3.850313676215208591e+00,3.847249907482588327e+00,8.324548365902462876e+01,1.289378488749727758e+01,3.643507067724196968e+00,3.893573930720309217e+00,8.320428957119615632e+01,1.312467836453590664e+01,3.656357301544653993e+00,4.021767961227098453e+00,8.343081712690866425e+01,1.336828549097070606e+01,3.859999999999999876e+00,3.846000000000000085e+00,5.448999881744384766e+00,-7.850001454353332520e-01
8.525181043093886046e+01,1.161494834582080493e+01,3.757781116470732208e+00,3.719066008625905972e+00,8.356992530135062225e+01,1.352685516065861648e+01,3.656357301544653993e+00,4.021767961227098453e+00,8.388937961324215564e+01,1.332580623917805518e+01,3.743001628915166190e+00,3.871799661296717598e+00,8.387225007946909727e+01,1.380479557663509205e+01,3.857000000000000206e+00,3.790999999999999925e+00,5.407999992370605469e+00,-7.802202105522155762e-01
8.300798964507053768e+01,1.325749672811612356e+01,3.940814248970549549e+00,3.882397168323903358e+00,8.426367977613367088e+01,1.371298620530772716e+01,3.743001628915166190e+00,3.871799661296717598e+00,8.403702539439416341e+01,1.366980158055206651e+01,3.711000612603264859e+00,3.848039300993135292e+00,8.424131822568929806e+01,1.416985256823475225e+01,3.883000000000000007e+00,3.896999999999999797e+00,5.500999927520751953e+00,-7.779311537742614746e-01
8.399185818398716208e+01,1.343135280726140302e+01,3.731165510273725783e+00,3.761277235113643425e+00,8.440812545565448488e+01,1.405460551065137942e+01,3.711000612603264859e+00,3.848039300993135292e+00,8.433102130302057731e+01,1.398974546854612377e+01,3.694965534363265913e+00,3.800875787280954210e+00,8.460898256290501251e+01,1.454276688229312953e+01,3.851999999999999869e+00,3.927999999999999936e+00,5.500999927520751953e+00,-7.894170880317687988e-01
8.399185818398716208e+01,1.343135280726140302e+01,3.862347198515331925e+00,4.126424306532639363e+00,8.470051785645689790e+01,1.436983304727421995e+01,3.694965534363265913e+00,3.800875787280954210e+00,8.457501825560586894e+01,1.429816188970001356e+01,3.683566914602266706e+00,3.795865297158396601e+00,8.460898256290501251e+01,1.454276688229312953e+01,3.681000000000000050e+00,4.096000000000000085e+00,5.506999969482421875e+00,-8.184421658515930176e-01
8.666215920404631845e+01,1.275642640667119565e+01,3.367807038653724661e+00,3.955490176192599794e+00,8.494337494706608993e+01,1.467774841941585251e+01,3.683566914602266706e+00,3.795865297158396601e+00,8.525166956083870673e+01,1.450213754508428288e+01,3.721992949978683018e+00,3.712268980211046454e+00,8.503020143440018330e+01,1.499829132673108312e+01,3.431999999999999940e+00,4.214000000000000412e+00,5.434999942779541016e+00,-8.654749989509582520e-01
8.621744006813770511e+01,2.023659594194440814e+01,3.239095094294196286e+00,4.079454022614209308e+00,8.562386885583657659e+01,1.487336444310538752e+01,3.721992949978683018e+00,3.712268980211046454e+00,8.571414164220236387e+01,1.540988056787216642e+01,3.690587944533535225e+00,4.063222533832210992e+00,8.536706209151030578e+01,1.539997513424026820e+01,3.354999999999999982e+00,4.275999999999999801e+00,5.434999942779541016e+00,-8.997233510017395020e-01
8.609772494386625397e+01,1.188859660804563667e+01,3.357084148440019344e+00,4.472186278054604891e+00,8.608320043665571575e+01,1.581620282125538779e+01,3.690587944533535225e+00,4.063222533832210992e+00,8.607147429694065011e+01,1.546192509841784890e+01,3.651377949681123170e+00,3.904292736818646858e+00,8.568964433612924836e+01,1.581096871047106234e+01,3.315999999999999837e+00,4.501000000000000334e+00,5.590000152587890625e+00,-9.268739819526672363e-01
8.623934432802346350e+01,1.450026006881736684e+01,2.700567369833929199e+00,5.031007485248524702e+00,8.643661209190875638e+01,1.585235437209971288e+01,3.651377949681123170e+00,3.904292736818646858e+00,8.635847082083769521e+01,1.578657053489252782e+01,3.529015530844466397e+00,3.992235932248267893e+00,8.600464677757001652e+01,1.623714287446878402e+01,2.883000000000000007e+00,4.788999999999999702e+00,5.590000152587890625e+00,-1.078155875205993652e+00
8.808305871424167321e+01,1.322561581312561074e+01,2.186939339828732898e+00,4.074146903855769608e+00,8.671137237392214558e+01,1.618579412811735452e+01,3.529015530844466397e+00,3.992235932248267893e+00,8.691018782632181683e+01,1.590588473334185160e+01,3.429417276867699815e+00,3.839706461390434811e+00,8.628884172428817578e+01,1.675844223675537847e+01,2.040000000000000036e+00,4.333999999999999631e+00,4.789999961853027344e+00,-1.078155875205993652e+00
8.599181798101938057e+01,1.545825333693359660e+01,1.069796069467899624e+00,5.480332311836513259e-01,8.725312955400858073e+01,1.628985537948089402e+01,3.429417276867699815e+00,3.839706461390434811e+00,8.691463737380799159e+01,1.602235127017580396e+01,3.091554820222906841e+00,3.317249344805683009e+00,8.648035478578914592e+01,1.698010285053020141e+01,1.090999999999999970e+00,4.769999999999999796e-01,1.190000057220458984e+00,-4.734218716621398926e-01
8.430450725506763376e+01,1.898340137203064870e+01,3.842459909784236016e-01,1.279844497687295801e-01,8.722379285583028263e+01,1.635407620465637279e+01,3.091554820222906841e+00,3.317249344805683009e+00,8.655965770150089611e+01,1.642512340073730925e+01,2.638679105762510968e+00,3.001798183715617352e+00,8.656518220831078736e+01,1.702343018210852676e+01,-8.999999999999999320e-03,-3.000000000000000062e-03,3.899999856948852539e-01,-3.215220570564270020e-01
8.367520833016232018e+01,2.053738148407890662e+01,5.874841965627963791e-01,1.526804201089366209e-01,8.682352561207714814e+01,1.672530321910886997e+01,2.638679105762510968e+00,3.001798183715617352e+00,8.614490889036629540e+01,1.692943577753080930e+01,2.254060372442462601e+00,2.801242779699839147e+00,8.657164049123582572e+01,1.702564270643780731e+01,5.769999999999999574e-01,1.640000000000000069e-01,6.000000238418579102e-01,-2.542636692523956299e-01
8.691794389489162143e+01,1.807071573923128938e+01,5.257483392289379331e-01,8.762234683617577125e-02,8.637031492761053642e+01,1.720956005550079482e+01,2.254060372442462601e+00,2.801242779699839147e+00,8.639803179205264883e+01,1.713772634567847319e+01,2.071793155919248619e+00,2.456425380843036521e+00,8.660357713702215676e+01,1.703393395049306491e+01,5.050000000000000044e-01,8.400000000000000522e-02,5.120000243186950684e-01,-1.651442795991897583e-01
8.672325681901638461e+01,2.043384058627073685e+01,5.765677055832209019e-01,4.066560403770805299e-02,8.660521110764457831e+01,1.738336888376277756e+01,2.071793155919248619e+00,2.456425380843036521e+00,8.656255288437029094e+01,1.753897696524388294e+01,1.898344889904816979e+00,2.276280563639968335e+00,8.663004732079434689e+01,1.703776962889288527e+01,6.059999999999999831e-01,2.999999999999999889e-02,6.069999933242797852e-01,-7.041388750076293945e-02
8.769373691079772470e+01,1.430922443961689439e+01,6.124785096898935910e-01,4.319841072517326130e-02,8.675238737336077577e+01,1.776660502160788013e+01,1.898344889904816979e+00,2.276280563639968335e+00,8.687302450400389375e+01,1.730698982630028482e+01,1.786395490872555447e+00,1.761180913950370464e+00,8.666526842117185936e+01,1.703945381825120364e+01,6.069999999999999840e-01,-6.000000000000000125e-03,6.069999933242797852e-01,-7.041388750076293945e-02
9.020233321191365405e+01,1.707388534624744025e+01,3.500973614826549118e-01,-3.654909219269061871e-02,8.705166405309114452e+01,1.748310791769532102e+01,1.786395490872555447e+00,1.761180913950370464e+00,8.757964761273764509e+01,1.734133346435130463e+01,1.754364364590593084e+00,1.478339962281819187e+00,8.668895387621360271e+01,1.703858788115728018e+01,3.459999999999999742e-01,-3.300000000000000155e-02,3.470000028610229492e-01,1.040201336145401001e-01
8.540335917480589956e+01,1.571754164854438152e+01,3.510919434599703570e-01,-3.665292350472377364e-02,8.775508404919671079e+01,1.748916746057948757e+01,1.754364364590593084e+00,1.478339962281819187e+00,8.725375694433947160e+01,1.723252865143740920e+01,1.482469076090769278e+00,1.160753253360060411e+00,8.670414018567716141e+01,1.703698189362537008e+01,3.449999999999999734e-01,-4.299999999999999656e-02,3.470000028610229492e-01,1.040201336145401001e-01
8.540335917480589956e+01,1.571754164854438152e+01,6.268220516437729151e-01,-1.015829880512853084e-01,8.740200385194854960e+01,1.734860397677341481e+01,1.482469076090769278e+00,1.160753253360060411e+00,8.699054026776670412e+01,1.711987449658075278e+01,1.291659771548734792e+00,8.875294567620294339e-01,8.674375200243112261e+01,1.702983505830435007e+01,6.239999999999999991e-01,-1.350000000000000089e-01,6.380000114440917969e-01,1.606635153293609619e-01
8.765550017320410348e+01,2.075669391309598666e+01,4.363088918196333932e-01,-1.101568889824306036e-01,8.711970624492157356e+01,1.720862744225695451e+01,1.291659771548734792e+00,8.875294567620294339e-01,8.718302165779979873e+01,1.749287297283325771e+01,1.213186665889571358e+00,9.401998529074788724e-01,8.677811098045168592e+01,1.702055771526682193e+01,4.229999999999999871e-01,-1.370000000000000107e-01,4.449999928474426270e-01,2.473062872886657715e-01
8.765550017320410348e+01,2.075669391309598666e+01,3.999091953700714130e-01,-1.408851703079639639e-01,8.730434032438876102e+01,1.758689295812400388e+01,1.213186665889571358e+00,9.401998529074788724e-01,8.733489154553640788e+01,1.783002192622384285e+01,1.131560192332675907e+00,9.597977431538271542e-01,8.677811098045168592e+01,1.702055771526682193e+01,4.179999999999999827e-01,-1.529999999999999971e-01,4.449999928474426270e-01,3.387160301208496094e-01
8.571478724445847774e+01,2.110032446478678736e+01,6.140071265247377674e-01,-2.681329352028536395e-01,8.744804756476968066e+01,1.792600170053922426e+01,1.131560192332675907e+00,9.597977431538271542e-01,8.710094315954141564e+01,1.816119817261823499e+01,9.929121488478235280e-01,9.583993980408875846e-01,8.684227037381602088e+01,1.699394257194729363e+01,6.059999999999999831e-01,-2.909999999999999809e-01,6.719999909400939941e-01,4.117333292961120605e-01
8.571478724445847774e+01,2.110032446478678736e+01,2.948057287226248380e-01,-1.569890970062323421e-01,8.720023437442620207e+01,1.825703811242232533e+01,9.929121488478235280e-01,9.583993980408875846e-01,8.689173047533543581e+01,1.846682301334297449e+01,8.436686355985186792e-01,9.549022207829800379e-01,8.684227037381602088e+01,1.699394257194729363e+01,2.919999999999999818e-01,-1.690000000000000113e-01,3.370000123977661133e-01,4.893216490745544434e-01
8.473927640915852066e+01,1.953729589170665548e+01,9.543227728810109722e-01,-5.746859684158218684e-01,8.697609733889528627e+01,1.856231323542127143e+01,8.436686355985186792e-01,9.549022207829800379e-01,8.656187608546976264e+01,1.856888790761709274e+01,7.577783724069557802e-01,7.877252744784253302e-01,8.687670564654112582e+01,1.697401268644513550e+01,2.879999999999999782e-01,-1.759999999999999898e-01,1.136999964714050293e+00,5.420300364494323730e-01
8.473927640915852066e+01,1.953729589170665548e+01,1.835439038501495590e+00,-1.367729758803932549e+00,8.663765392271045584e+01,1.864766043506493531e+01,7.577783724069557802e-01,7.877252744784253302e-01,8.632872139402405764e+01,1.861036864307490646e+01,8.024414216657015375e-01,5.252512370562119060e-01,8.687670564654112582e+01,1.697401268644513550e+01,1.814000000000000057e+00,-1.473999999999999977e+00,2.336999893188476562e+00,6.404082179069519043e-01
8.984171462046256806e+01,1.877418179627603578e+01,2.773824651272300823e+00,-3.685873713207951319e+00,8.640896553619062104e+01,1.866289376678052747e+01,8.024414216657015375e-01,5.252512370562119060e-01,8.713740638129203830e+01,1.843364441432018452e+01,1.190125844756471984e+00,-7.788332246371476586e-02,8.705117082528839489e+01,1.682773811959905430e+01,2.185999999999999943e+00,-4.203000000000000291e+00,4.736999988555908203e+00,9.256616830825805664e-01
8.713307061796204778e+01,1.819729871920242914e+01,1.079685857418707595e+00,-5.462316419350893071e+00,8.725641896576767920e+01,1.842585608207381398e+01,1.190125844756471984e+00,-7.788332246371476586e-02,8.722852849821290988e+01,1.809708112847444283e+01,1.171462751659927193e+00,-8.696576489574546764e-01,8.726177644681314405e+01,1.647892410918181838e+01,1.060000000000000053e+00,-5.365999999999999659e+00,5.468999862670898438e+00,1.375651001930236816e+00
8.642714154660740178e+01,1.281096322658282993e+01,-1.260076492979093965e+00,-4.909884507069805615e+00,8.734567477337890296e+01,1.801011536357869858e+01,1.171462751659927193e+00,-8.696576489574546764e-01,8.706827848192634178e+01,1.728008471664054468e+01,8.401946035604868079e-01,-1.742958093829316546e+00,8.731417131388133157e+01,1.596594269445502157e+01,-1.745000000000000107e+00,-5.102999999999999758e+00,5.393000125885009766e+00,1.822015285491943359e+00
8.780744671800582068e+01,1.343670351616008674e+01,-3.345107645295140486e+00,-4.273474504223079506e+00,8.715229794228238802e+01,1.710578890725761170e+01,8.401946035604868079e-01,-1.742958093829316546e+00,8.709372239121805137e+01,1.660887380557539927e+01,3.690822009633708545e-01,-2.312850141400640602e+00,8.714874315195446286e+01,1.547840912430131333e+01,-3.595000000000000195e+00,-4.091999999999999638e+00,5.447000026702880859e+00,2.234936714172363281e+00
8.689904044574620912e+01,1.216530640325568413e+01,-4.454907198324902673e+00,-3.501050785221008876e+00,8.713063061131438758e+01,1.637758879143533619e+01,3.690822009633708545e-01,-2.312850141400640602e+00,8.687827871956991999e+01,1.590493801856738543e+01,-2.176444142193070252e-01,-2.718684555547960180e+00,8.675241899430965020e+01,1.499710591033747065e+01,-4.168999999999999595e+00,-3.544000000000000039e+00,5.472000122070312500e+00,2.475517034530639648e+00
8.620113304249399278e+01,1.529404856117554523e+01,-4.901774355520779558e+00,-2.592225687253851607e+00,8.685651427814798353e+01,1.563306956301259021e+01,-2.176444142193070252e-01,-2.718684555547960180e+00,8.653083384591855065e+01,1.560768336007057577e+01,-8.064360329329636201e-01,-2.719213151322241728e+00,8.632863664581041974e+01,1.468760712311154215e+01,-4.863999999999999879e+00,-2.572000000000000064e+00,5.501999855041503906e+00,2.655144691467285156e+00
8.897551822656029685e+01,1.292589445274946947e+01,-4.968924077170337128e+00,-1.894971190083347024e+00,8.645019024262525420e+01,1.533576204493835249e+01,-8.064360329329636201e-01,-2.719213151322241728e+00,8.674293610665725396e+01,1.515105444255890710e+01,-1.191954627856989468e+00,-2.733774312601503276e+00,8.584491777402293167e+01,1.445124085082570353e+01,-5.139999999999999680e+00,-1.895999999999999908e+00,5.478000164031982422e+00,2.777253866195678711e+00
8.661483550014359878e+01,1.823910124392131848e+01,-5.159919598318841949e+00,-1.772897096695702501e+00,8.662374064387155670e+01,1.487767701129875597e+01,-1.191954627856989468e+00,-2.733774312601503276e+00,8.645018532107538078e+01,1.525557777557922634e+01,-1.666519495593920652e+00,-2.408080593702448535e+00,8.534510087960586588e+01,1.426511032776167021e+01,-5.049000000000000377e+00,-1.729000000000000092e+00,5.478000164031982422e+00,2.810639619827270508e+00
8.616342258408997168e+01,8.933279348419942423e+00,-5.116420291987514801e+00,-1.797545789373048652e+00,8.628353337151598623e+01,1.501476971620898127e+01,-1.666519495593920652e+00,-2.408080593702448535e+00,8.611158821991207901e+01,1.446491383985455492e+01,-2.084103409461607104e+00,-2.657451826868848954e+00,8.476099443390937438e+01,1.406379826194009297e+01,-5.040000000000000036e+00,-1.754000000000000004e+00,5.336999893188476562e+00,2.803734540939331055e+00
8.529358518124254829e+01,1.672657401744634598e+01,-5.450995547374994032e+00,-1.713606172539451133e+00,8.590317787896591994e+01,1.419916865716766985e+01,-2.084103409461607104e+00,-2.657451826868848954e+00,8.564313588277069300e+01,1.449592059365646435e+01,-2.513456732299070406e+00,-2.380536232693387433e+00,8.427075242991986670e+01,1.389398796689427584e+01,-5.293000000000000149e+00,-1.665000000000000036e+00,5.548999786376953125e+00,2.837008953094482422e+00
8.328367751820826470e+01,1.254423554066249125e+01,-5.160033832293565936e+00,-1.622137781746817886e+00,8.539179020954078680e+01,1.425786697038712525e+01,-2.513456732299070406e+00,-2.380536232693387433e+00,8.488223962745048823e+01,1.413634027482103761e+01,-2.923132009732909431e+00,-2.365961792366343630e+00,8.376416063306193394e+01,1.374088318423111765e+01,-5.346000000000000085e+00,-1.487000000000000099e+00,5.548999786376953125e+00,2.837008953094482422e+00
7.950906777315596230e+01,1.000990159613002817e+01,-3.339691086434050771e+00,-1.070286052017243028e+00,8.458992642647719151e+01,1.389974409558440271e+01,-2.923132009732909431e+00,-2.365961792366343630e+00,8.362010484881257355e+01,1.359962124062614741e+01,-3.198043174851667558e+00,-2.394494743999781239e+00,8.334257936428222990e+01,1.358812649435341768e+01,-2.668000000000000149e+00,-2.339999999999999858e+00,3.549000024795532227e+00,2.831459283828735352e+00
8.374163836186845344e+01,1.453228659787836996e+01,-6.608093964017172084e-01,-9.800280805008096952e-01,8.330030053132740875e+01,1.336017176622616986e+01,-3.198043174851667558e+00,-2.394494743999781239e+00,8.349288428439631105e+01,1.355344866752741595e+01,-2.875289067743209248e+00,-2.124744708115979375e+00,8.318507814356185293e+01,1.336485607826032229e+01,-2.989999999999999880e-01,-1.110000000000000098e+00,1.149000048637390137e+00,2.164048433303833008e+00
8.450423681708072365e+01,9.337015463113255365e+00,-7.188248212970191342e-02,-3.588717128996927186e-01,8.320535537762198430e+01,1.334097419671581797e+01,-2.875289067743209248e+00,-2.124744708115979375e+00,8.357010958341018636e+01,1.305667241142299062e+01,-2.482729711469150669e+00,-2.091581033001431944e+00,8.317839479429343896e+01,1.333901150366967769e+01,-6.900000000000000577e-02,-3.420000000000000262e-01,3.490000069141387939e-01,1.768481612205505371e+00
8.145824122359596231e+01,1.586665232271140091e+01,-1.211789363746237913e-01,-6.049831777602872052e-01,8.332183661226326876e+01,1.284751430812284667e+01,-2.482729711469150669e+00,-2.091581033001431944e+00,8.307503615322808344e+01,1.322246472584468791e+01,-2.283101096379433592e+00,-1.708827398647593254e+00,8.317420244194151735e+01,1.331371720036560546e+01,-8.500000000000000611e-02,-6.159999999999999920e-01,6.219999790191650391e-01,1.768481612205505371e+00
8.145824122359596231e+01,1.586665232271140091e+01,-4.101025025986849287e-02,-5.645123046494858743e-01,8.284672604359013803e+01,1.305158198597992936e+01,-2.283101096379433592e+00,-1.708827398647593254e+00,8.268375128131553708e+01,1.338741124492624657e+01,-2.076695778277556137e+00,-1.386931268131962991e+00,8.317420244194151735e+01,1.331371720036560546e+01,-4.100000000000000172e-02,-5.570000000000000506e-01,5.590000152587890625e-01,1.643316149711608887e+00
8.259496706662899612e+01,1.178751762040208817e+01,7.799109586950799845e-03,-4.609340188281118023e-01,8.247608170348777890e+01,1.324871811811305022e+01,-2.076695778277556137e+00,-1.386931268131962991e+00,8.258864966692335940e+01,1.316100856679783959e+01,-1.822331641579984840e+00,-1.334088975167032842e+00,8.317174959119482480e+01,1.327657921472972546e+01,1.600000000000000033e-02,-4.809999999999999831e-01,4.810000061988830566e-01,1.553877711296081543e+00
8.417243450841948516e+01,1.381099839338012281e+01,4.725883540046114939e-02,-4.836968098582513087e-01,8.240641650276536723e+01,1.302759966928113577e+01,-1.822331641579984840e+00,-1.334088975167032842e+00,8.281822580135403200e+01,1.315136664670128575e+01,-1.520664158759885698e+00,-1.167541537824588804e+00,8.317256212195441378e+01,1.325218517900879078e+01,5.999999999999999778e-02,-4.699999999999999734e-01,4.740000069141387939e-01,1.473402023315429688e+00
8.405740094161710374e+01,1.233079267936833645e+01,1.092231171265213574e-01,-6.427863748889479645e-01,8.266615938547803921e+01,1.303461249291882673e+01,-1.520664158759885698e+00,-1.167541537824588804e+00,8.299737968685745670e+01,1.299685111357068124e+01,-1.264247435981657119e+00,-1.130697596817433981e+00,8.317517518976751489e+01,1.322892601635021670e+01,7.599999999999999811e-02,-4.440000000000000058e-01,6.470000147819519043e-01,1.402482628822326660e+00
8.284492045600093491e+01,1.417011292093387098e+01,1.727260636554093509e-01,-6.369974423437552158e-01,8.287095494325929224e+01,1.288378135388893853e+01,-1.264247435981657119e+00,-1.130697596817433981e+00,8.292832585841685500e+01,1.303557361184338781e+01,-1.093683244222960482e+00,-9.878322010458447933e-01,8.318065690946126267e+01,1.320007927606361875e+01,1.690000000000000113e-01,-6.239999999999999991e-01,6.470000147819519043e-01,1.306006789207458496e+00
8.431204748129903237e+01,1.221594400554091031e+01,2.614128162735032124e-01,-6.965625354127958913e-01,8.281895753399456339e+01,1.293679039173880341e+01,-1.093683244222960482e+00,-9.878322010458447933e-01,8.315735308062971853e+01,1.288408826377204974e+01,-8.655910699636789607e-01,-9.857171548955785401e-01,8.319514131521090405e+01,1.314901192282514941e+01,2.740000000000000213e-01,-6.879999999999999449e-01,7.400000095367431641e-01,1.211771607398986816e+00
8.377622455358033449e+01,9.730016304427246965e+00,2.206553120792230926e-01,-4.686525793882573288e-01,8.307079397363335715e+01,1.278551654828249262e+01,-8.655910699636789607e-01,-9.857171548955785401e-01,8.324999424220561650e+01,1.252123824147640363e+01,-7.045274637587249922e-01,-1.080576857275205249e+00,8.321041917784692998e+01,1.310985500938581261e+01,2.190000000000000002e-01,-4.819999999999999840e-01,5.289999842643737793e-01,1.130756497383117676e+00
8.380672621676670531e+01,1.120591278245003508e+01,2.412548254719766583e-01,-4.333729354091049868e-01,8.317954149582973855e+01,1.241318055574888390e+01,-7.045274637587249922e-01,-1.080576857275205249e+00,8.333799955850237495e+01,1.233399729899554842e+01,-5.637163313141626553e-01,-1.053972514647694148e+00,8.322358751235924501e+01,1.308285553539842994e+01,2.560000000000000053e-01,-4.209999999999999853e-01,4.930000007152557373e-01,1.062830567359924316e+00
8.152174198577579034e+01,1.132227928834093511e+01,2.718405813986129460e-01,-4.124787101068719264e-01,8.328162792537095527e+01,1.222860004753077945e+01,-5.637163313141626553e-01,-1.053972514647694148e+00,8.298815084064543157e+01,1.217802296218959590e+01,-5.418480344441720664e-01,-1.011482526108651303e+00,8.323793840414964507e+01,1.305777580865115262e+01,2.710000000000000187e-01,-4.109999999999999765e-01,4.930000007152557373e-01,9.880912899971008301e-01
8.342499239676142508e+01,1.199063463401595619e+01,2.573787755062419969e-01,-3.506867091766511790e-01,8.293396603720101723e+01,1.207687470957873010e+01,-5.418480344441720664e-01,-1.011482526108651303e+00,8.306056950727578680e+01,1.210623587398893264e+01,-4.245833933020148887e-01,-9.206598975064322898e-01,8.325164461069250876e+01,1.303702480979483269e+01,2.550000000000000044e-01,-3.410000000000000253e-01,4.259999990463256836e-01,9.376609325408935547e-01
8.157725024168951222e+01,1.021013934797573874e+01,2.658754008975395267e-01,-3.251311430525141710e-01,8.301811116794559098e+01,1.201416988423828869e+01,-4.245833933020148887e-01,-9.206598975064322898e-01,8.277811028851145636e+01,1.187467243077856338e+01,-4.059182879684488654e-01,-9.346712788316725584e-01,8.326229143135248023e+01,1.302286274540023037e+01,2.660000000000000142e-01,-3.330000000000000182e-01,4.259999990463256836e-01,8.853266239166259766e-01
8.507133519582728809e+01,1.288805571751570334e+01,2.472457801364476015e-01,-2.712167660371978539e-01,8.273751845971460739e+01,1.178120530289539580e+01,-4.059182879684488654e-01,-9.346712788316725584e-01,8.320299717251843674e+01,1.192541567384322221e+01,-2.244541663779761054e-01,-7.772105963749067481e-01,8.327197694724908672e+01,1.301118214259736838e+01,2.409999999999999920e-01,-2.690000000000000169e-01,3.610000014305114746e-01,8.316000103950500488e-01
8.428583770997400393e+01,1.473674924503100314e+01,5.331489195849371532e-01,-4.942481429121703962e-01,8.318055175588064287e+01,1.184769461420573222e+01,-2.244541663779761054e-01,-7.772105963749067481e-01,8.342041891352910454e+01,1.214155686113412536e+01,-8.494574150869588225e-02,-5.758365600264401252e-01,8.329553270294856304e+01,1.298600895487823337e+01,5.070000000000000062e-01,-5.200000000000000178e-01,7.260000109672546387e-01,7.475528120994567871e-01
8.246413385844496702e+01,1.036698181768454852e+01,4.175088419245681082e-01,-3.424710062021197876e-01,8.341192433937823125e+01,1.208397320513148188e+01,-8.494574150869588225e-02,-5.758365600264401252e-01,8.325614425754991998e+01,1.193220735957327783e+01,-6.689914739694721724e-02,-6.374165603525429047e-01,8.332707261989754954e+01,1.295669205381867606e+01,4.000000000000000222e-01,-3.449999999999999734e-01,5.279999971389770508e-01,6.869805455207824707e-01
8.222664892660840508e+01,1.204334582243610718e+01,3.565920529143498108e-01,-2.628518553674354941e-01,8.324945434281022472e+01,1.186846570353802299e+01,-6.689914739694721724e-02,-6.374165603525429047e-01,8.307620142294298660e+01,1.190662032806037551e+01,-6.161255397065468209e-02,-5.735089406359585862e-01,8.334537935226892102e+01,1.294193394328920022e+01,3.639999999999999902e-01,-2.740000000000000213e-01,4.560000002384185791e-01,6.352081298828125000e-01
8.222664892660840508e+01,1.204334582243610718e+01,3.485425783802268418e-01,-2.569184104161669202e-01,8.307004016754592612e+01,1.184926943399677945e+01,-6.161255397065468209e-02,-5.735089406359585862e-01,8.292981848059463346e+01,1.188596614861372203e+01,-4.996978508235655481e-02,-5.169237123448067184e-01,8.334537935226892102e+01,1.294193394328920022e+01,3.579999999999999849e-01,-2.530000000000000027e-01,4.390000104904174805e-01,6.352081298828125000e-01
8.152193486633767350e+01,1.329995252076532353e+01,1.664019216195886219e+00,-1.058217397047838793e+00,8.292482150208640235e+01,1.183427377737924147e+01,-4.996978508235655481e-02,-5.169237123448067184e-01,8.273627221048741376e+01,1.194433408241448724e+01,9.268942301409704987e-02,-5.138539432827968767e-01,8.348768281888648346e+01,1.285883362450826084e+01,1.786000000000000032e+00,-9.829999999999999849e-01,2.039000034332275391e+00,5.664280652999877930e-01
8.378189929573119343e+01,1.531703479450384009e+01,4.027477204339803940e+00,-1.454287428226409551e+00,8.274554115278881739e+01,1.189294868808620720e+01,9.268942301409704987e-02,-5.138539432827968767e-01,8.311012791127510013e+01,1.216853761288716029e+01,6.088160050075885898e-01,-4.597842766202235865e-01,8.348768281888648346e+01,1.285883362450826084e+01,4.408000000000000362e+00,-5.250000000000000222e-01,4.439000129699707031e+00,3.465214371681213379e-01
8.426940948451279212e+01,1.395204670549753700e+01,4.627442232143161860e+00,3.087677061744153129e+00,8.317100951177586410e+01,1.212255918522513731e+01,6.088160050075885898e-01,-4.597842766202235865e-01,8.355085009021193798e+01,1.250056967472183089e+01,1.137710318335354298e+00,1.550966921842735768e-01,8.430973100606554738e+01,1.286578209482050106e+01,4.751000000000000334e+00,2.540000000000000036e+00,5.387000083923339844e+00,-5.884087681770324707e-01
8.553365921951636608e+01,1.135028882148164975e+01,4.380389889559502592e+00,2.922830519534066696e+00,8.366462112204547452e+01,1.251607934394025889e+01,1.137710318335354298e+00,1.550966921842735768e-01,8.415520921932998988e+01,1.256171035061944252e+01,1.608026231146024054e+00,4.908272054654791439e-01,8.470748567582199939e+01,1.318629486646073445e+01,3.862000000000000099e+00,3.755999999999999783e+00,5.387000083923339844e+00,-5.884087681770324707e-01
8.541425019480547576e+01,1.373615474100641265e+01,2.433984377378667574e+00,4.837142197366629759e+00,8.431601184244459546e+01,1.261079307116598969e+01,1.608026231146024054e+00,4.908272054654791439e-01,8.455751985489033018e+01,1.296663077034759759e+01,1.755390780542110951e+00,1.182194874804599838e+00,8.497140169140962485e+01,1.375554974247594231e+01,1.743000000000000105e+00,5.235000000000000320e+00,5.517000198364257812e+00,-1.104602813720703125e+00
8.541425019480547576e+01,1.373615474100641265e+01,7.487296772234878217e-01,5.302398426629392425e+00,8.473305893294454449e+01,1.308485025782805700e+01,1.755390780542110951e+00,1.182194874804599838e+00,8.481705647726977304e+01,1.338223075576378918e+01,1.665278707996113106e+00,1.814521302135442049e+00,8.497140169140962485e+01,1.375554974247594231e+01,7.640000000000000124e-01,5.400999999999999801e+00,5.454999923706054688e+00,-1.430517911911010742e+00
8.701333761173738424e+01,1.464175393970016792e+01,-2.905016268498369914e-01,5.750667058584260971e+00,8.498358434806938533e+01,1.356368288597733418e+01,1.665278707996113106e+00,1.814521302135442049e+00,8.527908794763186506e+01,1.389160304302767734e+01,1.521501948423033879e+00,2.443914831801229148e+00,8.498465394907212556e+01,1.480057938272156548e+01,-7.159999999999999698e-01,5.613999999999999879e+00,5.658999919891357422e+00,-1.621269583702087402e+00
8.701333761173738424e+01,1.464175393970016792e+01,-7.685768996031858702e-01,5.603537017176130952e+00,8.543123814247417158e+01,1.413599452620780106e+01,1.521501948423033879e+00,2.443914831801229148e+00,8.562840317784565514e+01,1.436464955532794185e+01,1.317941135139621744e+00,2.929170941696068287e+00,8.498465394907212556e+01,1.480057938272156548e+01,-8.259999999999999565e-01,5.599000000000000199e+00,5.658999919891357422e+00,-1.707105040550231934e+00
8.424163740877909845e+01,1.352502854072150029e+01,-7.716365753681546646e-01,5.361759413829521037e+00,8.576019729135961711e+01,1.465756664949754828e+01,1.317941135139621744e+00,2.929170941696068287e+00,8.538521376046969635e+01,1.468729794285103019e+01,1.000950116212639740e+00,3.218255267092482885e+00,8.490988588279424221e+01,1.533105309140194628e+01,-7.740000000000000213e-01,5.270999999999999908e+00,5.327000141143798828e+00,-1.713729739189147949e+00
8.375215220382955295e+01,1.442521889384529921e+01,-6.996244478374776810e-01,5.516814768457246387e+00,8.548530877209095991e+01,1.500912346956027932e+01,1.000950116212639740e+00,3.218255267092482885e+00,8.508697682689256681e+01,1.508396071861939447e+01,7.209360578603660752e-01,3.518412825857911486e+00,8.482496309248315924e+01,1.593478615408092303e+01,-8.199999999999999512e-01,5.538999999999999702e+00,5.598999977111816406e+00,-1.696939706802368164e+00
8.026836490637478505e+01,1.895784337614835380e+01,-1.043393384149436054e+00,5.427619984646453233e+00,8.515907043267860388e+01,1.543580200120518597e+01,7.209360578603660752e-01,3.518412825857911486e+00,8.416648578861071428e+01,1.588317910685414169e+01,2.933925273310250548e-01,3.990241149329140313e+00,8.475593614537183385e+01,1.645437271740550500e+01,-1.203999999999999959e+00,5.467999999999999972e+00,5.598999977111816406e+00,-1.760717153549194336e+00
8.812443709359934019e+01,1.712647595869117367e+01,-2.064101092943524840e+00,5.388170975201261648e+00,8.419582504134382361e+01,1.628220322178705715e+01,2.933925273310250548e-01,3.990241149329140313e+00,8.482963249930148208e+01,1.644302077239725790e+01,1.857494946788217360e-01,4.239393083948977292e+00,8.463710832592055056e+01,1.698360283549427052e+01,-1.826000000000000068e+00,5.464999999999999858e+00,5.762000083923339844e+00,-1.936632037162780762e+00
8.427371618156560373e+01,1.360862166959890551e+01,-8.230454710279819786e-01,4.031850601017214153e+00,8.484820744876935805e+01,1.686696008079215403e+01,1.857494946788217360e-01,4.239393083948977292e+00,8.469689060999145624e+01,1.654189414604217490e+01,3.974321523957916047e-02,4.028425032468794242e+00,8.443172120999973629e+01,1.746995194036290400e+01,-1.252000000000000002e+00,3.968999999999999861e+00,4.162000179290771484e+00,-1.772165536880493164e+00
8.438549211197675959e+01,2.315542252229032272e+01,4.708759986523524677e-01,1.672997285277866730e+00,8.470086493151541163e+01,1.694473664928905521e+01,3.974321523957916047e-02,4.028425032468794242e+00,8.466046353213695852e+01,1.740758950880627864e+01,7.728926722417384099e-02,4.032499222835943975e+00,8.436176347663750619e+01,1.785696823722469873e+01,4.769999999999999796e-01,1.695999999999999952e+00,1.761999964714050293e+00,-1.296437501907348633e+00
8.522834920821183857e+01,1.599398560697640725e+01,2.540529430121018506e-01,5.124852511975209746e-01,8.466819245885938017e+01,1.781083943108987455e+01,7.728926722417384099e-02,4.032499222835943975e+00,8.478078154084116136e+01,1.743560742028775223e+01,1.232329673255485036e-01,3.422291218169922988e+00,8.439323091507554864e+01,1.796480782212823257e+01,2.300000000000000100e-01,5.130000000000000115e-01,5.619999766349792480e-01,-1.110572695732116699e+00
8.337902688963895059e+01,1.507328446101668185e+01,2.724852969976042649e-01,4.192275789116543527e-01,8.479310483757372197e+01,1.777783654210474396e+01,1.232329673255485036e-01,3.422291218169922988e+00,8.453467673495379131e+01,1.734672128804515268e+01,7.841086120849126428e-02,2.837586929482204923e+00,8.440514421458716754e+01,1.798760445229254756e+01,2.829999999999999738e-01,4.169999999999999818e-01,5.040000081062316895e-01,-9.944422841072082520e-01
8.272785580155070306e+01,1.507969076711037992e+01,3.213270608387698291e-01,4.088384768295323379e-01,8.454251782107463953e+01,1.763047998099337477e+01,7.841086120849126428e-02,2.837586929482204923e+00,8.421310731777813885e+01,1.724687093860595866e+01,2.703169722688308907e-02,2.344519821305983243e+00,8.442002916300282322e+01,1.801057274525512852e+01,3.049999999999999933e-01,4.020000000000000240e-01,5.040000081062316895e-01,-9.046806693077087402e-01
8.190537333453619340e+01,1.988577969276703783e+01,3.435727895016129629e-01,4.371426906070434715e-01,8.421581048750083198e+01,1.748132292073655591e+01,2.703169722688308907e-02,2.344519821305983243e+00,8.379671776277552908e+01,1.760379379469749139e+01,-3.751708442553688960e-02,2.202059935092531173e+00,8.444254350619404192e+01,1.803851730927138064e+01,3.559999999999999831e-01,4.189999999999999836e-01,5.500000119209289551e-01,-9.046806693077087402e-01
8.333506703307799057e+01,1.312468083107919803e+01,2.979288468121206734e-01,2.743417635045659608e-01,8.379296605433297884e+01,1.782399978820674491e+01,-3.751708442553688960e-02,2.202059935092531173e+00,8.372172076423751719e+01,1.726239039145659504e+01,-1.772090104272665279e-02,1.662177965054418838e+00,8.445656251842406448e+01,1.805301506710173953e+01,2.939999999999999836e-01,2.849999999999999756e-01,4.090000092983245850e-01,-7.442048192024230957e-01
8.696200966836464374e+01,1.982651383955519719e+01,4.203261752331663992e-01,3.195464025656012397e-01,8.371994867413324926e+01,1.742860818796203759e+01,-1.772090104272665279e-02,1.662177965054418838e+00,8.434624653052803467e+01,1.758262822104641288e+01,1.782810670926320284e-01,1.601068239243049307e+00,8.447700166662102106e+01,1.807113487917768779e+01,4.139999999999999791e-01,3.360000000000000209e-01,5.339999794960021973e-01,-6.500189900398254395e-01
8.696200966836464374e+01,1.982651383955519719e+01,2.682763769549764143e-01,2.039529208518620351e-01,8.436407463723729450e+01,1.774273504497071841e+01,1.782810670926320284e-01,1.601068239243049307e+00,8.485463381668739657e+01,1.786345204279801280e+01,3.041498040566601446e-01,1.514631430372500809e+00,8.447700166662102106e+01,1.807113487917768779e+01,5.040000000000000036e-01,3.699999999999999956e-01,6.259999871253967285e-01,-6.500189900398254395e-01
8.436245159759398859e+01,1.651263292020795603e+01,4.360788609433729479e-01,2.832581988255679084e-01,8.488504879709306294e+01,1.801491518583526386e+01,3.041498040566601446e-01,1.514631430372500809e+00,8.479286776782679169e+01,1.780033023125420399e+01,2.967590274917369930e-01,1.253038991749645614e+00,8.452194642985325856e+01,1.810366280160447516e+01,4.249999999999999889e-01,2.510000000000000009e-01,4.939999878406524658e-01,-5.760639309883117676e-01
8.609461688949335212e+01,2.065706617991810035e+01,4.192600540588032332e-01,2.477700464625700316e-01,8.482254367057596767e+01,1.792563413042917020e+01,2.967590274917369930e-01,1.253038991749645614e+00,8.506614260686177431e+01,1.813094048448821027e+01,3.677633344150954553e-01,1.259263822607104677e+00,8.454434251755314733e+01,1.811654503493701540e+01,4.339999999999999969e-01,2.359999999999999876e-01,4.939999878406524658e-01,-5.337532162666320801e-01
8.609461688949335212e+01,2.065706617991810035e+01,6.273985225940695853e-01,3.193541740383002980e-01,8.510291894030328308e+01,1.825686686674892201e+01,3.677633344150954553e-01,1.259263822607104677e+00,8.529993678357561748e+01,1.843405431614916168e+01,4.427317107258383344e-01,1.256551951060803862e+00,8.454434251755314733e+01,1.811654503493701540e+01,6.310000000000000053e-01,3.079999999999999960e-01,7.020000219345092773e-01,-4.708321988582611084e-01
8.315499651392904923e+01,1.641443486362510384e+01,4.532832827827132371e-01,1.861028610627339097e-01,8.534420995464820692e+01,1.855970951125524238e+01,4.427317107258383344e-01,1.256551951060803862e+00,8.493457050539213071e+01,1.829247989096203852e+01,3.469887143938617524e-01,9.825379550783163163e-01,8.458626604028400209e+01,1.813697655319962365e+01,4.500000000000000111e-01,1.719999999999999862e-01,4.819999933242797852e-01,-3.895819783210754395e-01
8.238078737208438440e+01,1.755280853596288537e+01,4.126556684563357780e-01,1.376237674426054325e-01,8.496926937683151948e+01,1.839073368646986850e+01,3.469887143938617524e-01,9.825379550783163163e-01,8.448722408452442778e+01,1.826203694555854540e+01,2.401404208302671539e-01,8.137552348365870714e-01,8.461251115771280240e+01,1.814725144087253383e+01,3.940000000000000169e-01,1.219999999999999973e-01,4.120000004768371582e-01,-3.219073116779327393e-01
8.700119781431709498e+01,2.018134577380530104e+01,3.541605667436844018e-01,9.997146337940882033e-02,8.451123812660745216e+01,1.834341246904220313e+01,2.401404208302671539e-01,8.137552348365870714e-01,8.498261144530205513e+01,1.847943104585820961e+01,3.640957359816961447e-01,8.125387569588438108e-01,8.462749910315184820e+01,1.815211517961058618e+01,2.059999999999999887e-01,5.899999999999999689e-02,2.140000015497207642e-01,-2.751191258430480957e-01
8.394991862709441932e+01,1.965927715493139871e+01,1.106770695667023352e+00,2.690348671332623565e-01,8.501902101890021868e+01,1.856068492155409544e+01,3.640957359816961447e-01,8.125387569588438108e-01,8.485092210466694951e+01,1.863532944045873663e+01,4.054732493960994111e-01,7.949040915416143438e-01,8.463495683622176102e+01,1.815413506111063313e+01,1.143999999999999906e+00,2.359999999999999876e-01,1.167999982833862305e+00,-2.384560853242874146e-01
8.382268488408307405e+01,1.949591083634760125e+01,2.410939736062196470e+00,2.414519837771907651e-01,8.489146942960655906e+01,1.871481984961289768e+01,4.054732493960994111e-01,7.949040915416143438e-01,8.477813256709021061e+01,1.875837455153520139e+01,5.977679462967627755e-01,7.581988792797232923e-01,8.469757509200539403e+01,1.816681702333524129e+01,2.355999999999999872e+00,2.359999999999999876e-01,2.368000030517578125e+00,-9.981567412614822388e-02
8.377571821145997433e+01,2.196237356804783047e+01,9.757573157827370558e-01,-7.961536626138096540e-02,8.483790936171988051e+01,1.883419443946317529e+01,5.977679462967627755e-01,7.581988792797232923e-01,8.465530739003575889e+01,1.908718355517565257e+01,5.958719092004056694e-01,8.106847153188063704e-01,8.486484956717785622e+01,1.817675621627837046e+01,9.609999999999999654e-01,-7.900000000000000078e-02,9.649999737739562988e-01,8.141306042671203613e-02
8.443364709572985305e+01,2.066638715360413059e+01,1.929935829815034642e+00,-5.360566918203513165e-01,8.471489458095580005e+01,1.916825202670753470e+01,5.958719092004056694e-01,8.106847153188063704e-01,8.471999956278661159e+01,1.923553847272651396e+01,7.428299746788019631e-01,6.990152819029042952e-01,8.497677278484601970e+01,1.816227943977300896e+01,2.133999999999999897e+00,-3.649999999999999911e-01,2.164999961853027344e+00,2.709292471408843994e-01
8.683978259555649970e+01,1.644613785920538973e+01,3.427908363102516009e+00,-3.282370862642679299e+00,8.479428256025448718e+01,1.930544000091680346e+01,7.428299746788019631e-01,6.990152819029042952e-01,8.529377199234261298e+01,1.880370347435211542e+01,1.154331778494506633e+00,-3.583747953148552767e-02,8.534134721687807712e+01,1.800613053005793418e+01,3.842000000000000082e+00,-2.463999999999999968e+00,4.565000057220458984e+00,7.637128233909606934e-01
8.683978259555649970e+01,1.644613785920538973e+01,3.832381645308418516e+00,-3.669671564878633774e+00,8.540920517019206670e+01,1.880011972639896811e+01,1.154331778494506633e+00,-3.583747953148552767e-02,8.579319916176508798e+01,1.836676550938173236e+01,1.537746495856037843e+00,-6.923414925898685457e-01,8.534134721687807712e+01,1.800613053005793418e+01,3.439999999999999947e+00,-4.043999999999999595e+00,5.309000015258789062e+00,7.637128233909606934e-01
8.657765656711144686e+01,1.473175985903167629e+01,1.225223611354391062e+00,-5.332041844447680923e+00,8.594697381135068781e+01,1.829753136012274695e+01,1.537746495856037843e+00,-6.923414925898685457e-01,8.605157897900750186e+01,1.769036797457027532e+01,1.528345643738265203e+00,-1.561677665700226925e+00,8.577743959372627103e+01,1.700939209568265653e+01,-6.500000000000000222e-01,-5.464000000000000412e+00,5.502999782562255859e+00,1.344932079315185547e+00
8.657765656711144686e+01,1.473175985903167629e+01,-1.047529122201858787e+00,-5.350419448713437554e+00,8.620441354338133522e+01,1.753420020800025370e+01,1.528345643738265203e+00,-1.561677665700226925e+00,8.616274806036562950e+01,1.704890687791377957e+01,1.237067978201441765e+00,-2.265498817522091812e+00,8.577743959372627103e+01,1.700939209568265653e+01,-1.788999999999999924e+00,-5.203999999999999737e+00,5.502999782562255859e+00,1.764135241508483887e+00
8.914384865692629489e+01,1.837858386186427140e+01,-2.841893486715499240e+00,-4.531604811245816933e+00,8.628645485818577754e+01,1.682235699616157021e+01,1.237067978201441765e+00,-2.265498817522091812e+00,8.664502353724343209e+01,1.684284310503958082e+01,8.762445918934143041e-01,-2.506966714981138988e+00,8.559438753084536700e+01,1.640454323387313451e+01,-2.737000000000000099e+00,-4.892000000000000348e+00,5.605999946594238281e+00,2.130923986434936523e+00
8.711457395487313704e+01,1.818908436483200219e+01,-3.801715841922775230e+00,-3.952368266825831089e+00,8.673264799643277456e+01,1.659214643354146546e+01,8.762445918934143041e-01,-2.506966714981138988e+00,8.660154939498144699e+01,1.666330967283724718e+01,3.341532412194210266e-01,-2.627424837830997451e+00,8.522563600492929936e+01,1.588958199160907370e+01,-3.686999999999999833e+00,-4.011999999999999567e+00,5.448999881744384766e+00,2.336768150329589844e+00
8.652206826178753829e+01,1.403218801173571606e+01,-4.113254833013268552e+00,-3.691729016397785390e+00,8.663496471910339380e+01,1.640056718905414712e+01,3.341532412194210266e-01,-2.627424837830997451e+00,8.642116026177369292e+01,1.611223955641576211e+01,-2.023127405786536714e-01,-2.912938907131028099e+00,8.485116624833686672e+01,1.551268227266821853e+01,-4.149000000000000021e+00,-3.725000000000000089e+00,5.576000213623046875e+00,2.410149335861206055e+00
9.010875463471799662e+01,1.794660909262992377e+01,-4.169070880065127049e+00,-3.741825042257437062e+00,8.640092898771582952e+01,1.582094566570265926e+01,-2.023127405786536714e-01,-2.912938907131028099e+00,8.692366614137648639e+01,1.597806668699573329e+01,-5.120452929715129109e-01,-2.914831825807123966e+00,8.485116624833686672e+01,1.551268227266821853e+01,-4.323999999999999844e+00,-3.650999999999999801e+00,5.658999919891357422e+00,2.410149335861206055e+00
8.482762098263701489e+01,1.464966822644330513e+01,-4.253686544836523531e+00,-3.334693096269132795e+00,8.687246161207933426e+01,1.568658350441502058e+01,-5.120452929715129109e-01,-2.914831825807123966e+00,8.632732675442974823e+01,1.556297617996333216e+01,-1.049776732654696065e+00,-3.033163048396699146e+00,8.387159776656422139e+01,1.470076687438780816e+01,-4.397000000000000242e+00,-3.447999999999999954e+00,5.587999820709228516e+00,2.476712942123413086e+00
8.198766219606926597e+01,1.600383849231912237e+01,-4.463812923901954832e+00,-3.499422438271095892e+00,8.622234908116428187e+01,1.525965987512366162e+01,-1.049776732654696065e+00,-3.033163048396699146e+00,8.528119058245150086e+01,1.530463420982765399e+01,-1.645391439232954278e+00,-3.059301981554032324e+00,8.345074129077696057e+01,1.437008125931583891e+01,-4.386000000000000121e+00,-3.462000000000000188e+00,5.587999820709228516e+00,2.476712942123413086e+00
8.198766219606926597e+01,1.600383849231912237e+01,-4.400478321450038699e+00,-3.444057569015741560e+00,8.511665143852820847e+01,1.499870401167225076e+01,-1.645391439232954278e+00,-3.059301981554032324e+00,8.441116366221382350e+01,1.507340938011986964e+01,-2.113268567289175781e+00,-3.059156889385291844e+00,8.345074129077696057e+01,1.437008125931583891e+01,-4.283000000000000362e+00,-3.350000000000000089e+00,5.436999797821044922e+00,2.477517604827880859e+00
8.562304282166313385e+01,1.160757763507772822e+01,-4.598745828628789667e+00,-3.352464411443285108e+00,8.419983680548490668e+01,1.476749369118133970e+01,-2.113268567289175781e+00,-3.059156889385291844e+00,8.435877256184984674e+01,1.444700273259765133e+01,-2.347219974061375947e+00,-3.277068943296302717e+00,8.295443773269975907e+01,1.398529942180490870e+01,-4.687000000000000277e+00,-3.190999999999999837e+00,5.670000076293945312e+00,2.511670589447021484e+00
8.160628819400839973e+01,1.225309438793844663e+01,-4.867693394505817395e+00,-3.314495632552917570e+00,8.412405056444370643e+01,1.411929583826802137e+01,-2.347219974061375947e+00,-3.277068943296302717e+00,8.354322460894617564e+01,1.393775606682930324e+01,-2.759977461122052222e+00,-3.386116077192179219e+00,8.242519426328607324e+01,1.361014015773316821e+01,-4.671999999999999709e+00,-3.213999999999999968e+00,5.670000076293945312e+00,2.543789148330688477e+00
8.584177112572191959e+01,1.263282956071750007e+01,-2.178283126561042504e+00,-2.352343341297284063e+00,8.326722686283396513e+01,1.359914445911008585e+01,-2.759977461122052222e+00,-3.386116077192179219e+00,8.377470411565522568e+01,1.356515171790109164e+01,-2.576387324037356041e+00,-3.290198142716129315e+00,8.199902772872241030e+01,1.331316120819351490e+01,-2.049999999999999822e+00,-2.548000000000000043e+00,3.269999980926513672e+00,2.317794799804687500e+00
8.123435693928152546e+01,1.456841821750891164e+01,-7.844115680934397039e-01,-1.967389798975702098e+00,8.351706538325149154e+01,1.323613190362947911e+01,-2.576387324037356041e+00,-3.290198142716129315e+00,8.316708090487887262e+01,1.343958423490888698e+01,-2.463393575956465575e+00,-3.024815834305452533e+00,8.174118089645644147e+01,1.302657921431427113e+01,-8.960000000000000187e-01,-1.866000000000000103e+00,2.069999933242797852e+00,1.950187325477600098e+00
8.137196013323644195e+01,1.273796035226585843e+01,-7.800626745763597492e-02,-3.913004133469049628e-01,8.292074154728322810e+01,1.313710265147834200e+01,-2.463393575956465575e+00,-3.024815834305452533e+00,8.273394648928400841e+01,1.324878765501256161e+01,-2.246967117599366404e+00,-2.665932950166714832e+00,8.170274019234130947e+01,1.292700417125548462e+01,-8.599999999999999312e-02,-4.010000000000000231e-01,4.110000133514404297e-01,1.767568111419677734e+00
7.911267304391455468e+01,1.445325620323746207e+01,-7.077260326600125218e-02,-3.550144086391858744e-01,8.250924977752407585e+01,1.298219435999589066e+01,-2.246967117599366404e+00,-2.665932950166714832e+00,8.196725270638640382e+01,1.325528995109838348e+01,-2.137414807730430244e+00,-2.249873051699534887e+00,8.169720506643322722e+01,1.289415199845800508e+01,-2.800000000000000058e-02,-3.449999999999999734e-01,3.459999859333038330e-01,1.767568111419677734e+00
8.168526534996982491e+01,1.363842375377025817e+01,-3.026172611487509649e-03,-5.249912544465623609e-01,8.175351122561336581e+01,1.303030264592842968e+01,-2.137414807730430244e+00,-2.249873051699534887e+00,8.183318598155206303e+01,1.318704734507269016e+01,-1.885380160521616721e+00,-1.966527614799663315e+00,8.169583177515289663e+01,1.287572319645083851e+01,-3.000000000000000062e-03,-5.240000000000000213e-01,5.239999890327453613e-01,1.576560497283935547e+00
8.168526534996982491e+01,1.363842375377025817e+01,-3.072285813493294548e-03,-5.329911377564786612e-01,8.164464796549989956e+01,1.299039458359272459e+01,-1.885380160521616721e+00,-1.966527614799663315e+00,8.173379582162904455e+01,1.313437511645772915e+01,-1.658645342846681858e+00,-1.723121273846978774e+00,8.169583177515289663e+01,1.287572319645083851e+01,2.400000000000000050e-02,-5.240000000000000213e-01,5.239999890327453613e-01,1.576560497283935547e+00
8.154006431952858236e+01,1.598770053551796444e+01,4.543327640951272395e-02,-4.939147794441011152e-01,8.156793128734437914e+01,1.296206298907303101e+01,-1.658645342846681858e+00,-1.723121273846978774e+00,8.163652958282843031e+01,1.332297219400911281e+01,-1.456243389553484313e+00,-1.377249087171581454e+00,8.169657564123022553e+01,1.284517223917752027e+01,4.499999999999999833e-02,-4.969999999999999973e-01,4.990000128746032715e-01,1.479068398475646973e+00
8.383409762370528995e+01,1.181341929514979938e+01,7.342429823021974500e-02,-4.307875091685011149e-01,8.149090524387308676e+01,1.318524728529195400e+01,-1.456243389553484313e+00,-1.377249087171581454e+00,8.199610927190954612e+01,1.310729560539936323e+01,-1.169621989785794014e+00,-1.316482843537254199e+00,8.169970750798897541e+01,1.281667835886530682e+01,7.199999999999999456e-02,-4.199999999999999845e-01,4.259999990463256836e-01,1.401976585388183594e+00
8.147998301658749654e+01,8.862979961954724928e+00,9.999017051161444847e-02,-4.325944646920890091e-01,8.187914707293096228e+01,1.297564732104563845e+01,-1.169621989785794014e+00,-1.316482843537254199e+00,8.185937125110714874e+01,1.263063974509797127e+01,-1.035590760365681540e+00,-1.416971634840042293e+00,8.170323228817979100e+01,1.279742939590654238e+01,1.039999999999999952e-01,-4.269999999999999907e-01,4.390000104904174805e-01,1.343644857406616211e+00
8.157274483139224230e+01,1.179216451803920584e+01,1.208638787732478209e-01,-4.126644265733176442e-01,8.175581217507057374e+01,1.248894258161396742e+01,-1.035590760365681540e+00,-1.416971634840042293e+00,8.177161504059354513e+01,1.247918282256321554e+01,-9.055065797405685846e-01,-1.310349498043785310e+00,8.170799303028638860e+01,1.277788860955519112e+01,1.229999999999999982e-01,-4.079999999999999738e-01,4.259999990463256836e-01,1.285878300666809082e+00
8.273781311462239785e+01,1.319552282820166056e+01,1.694221402615873340e-01,-4.767935827320799458e-01,8.168106438261948199e+01,1.234814787275883674e+01,-9.055065797405685846e-01,-1.310349498043785310e+00,8.192558539794873695e+01,1.247710588106173191e+01,-7.302285453190631159e-01,-1.142685468631160717e+00,8.171407365745899654e+01,1.275829536989135349e+01,1.749999999999999889e-01,-4.729999999999999760e-01,5.040000081062316895e-01,1.229375362396240234e+00
8.107840663193543662e+01,1.367226691437730501e+01,1.930417563264990866e-01,-4.558068505793527736e-01,8.185256254341683757e+01,1.236283733419861619e+01,-7.302285453190631159e-01,-1.142685468631160717e+00,8.174753792331414104e+01,1.252785734168003984e+01,-6.542008989403843566e-01,-9.705861154955019998e-01,8.172288179331903279e+01,1.273457176863936446e+01,1.910000000000000031e-01,-4.670000000000000262e-01,5.040000081062316895e-01,1.170182824134826660e+00
8.107840663193543662e+01,1.367226691437730501e+01,2.620688025309612090e-01,-6.187923161800528149e-01,8.168211783342010790e+01,1.243079873013049053e+01,-6.542008989403843566e-01,-9.705861154955019998e-01,8.160871867680425851e+01,1.257019228735263816e+01,-5.714574275686462590e-01,-8.507446828706066722e-01,8.172288179331903279e+01,1.273457176863936446e+01,2.810000000000000275e-01,-6.099999999999999867e-01,6.719999909400939941e-01,1.170182824134826660e+00
7.654175090787460078e+01,1.268634579716865041e+01,3.160657137229789249e-01,-5.862239128877563266e-01,8.155157293404739960e+01,1.248511781906557694e+01,-5.714574275686462590e-01,-8.507446828706066722e-01,8.065154953210102917e+01,1.251953513978053323e+01,-6.873836429943085413e-01,-8.012963783678102025e-01,8.174316453906655511e+01,1.268999893778221733e+01,3.310000000000000164e-01,-5.699999999999999512e-01,6.589999794960021973e-01,1.076317310333251953e+00
8.535019397741019986e+01,1.092909045363034259e+01,2.741363991511204246e-01,-4.181497753920926930e-01,8.058281116780159437e+01,1.243940550194375305e+01,-6.873836429943085413e-01,-8.012963783678102025e-01,8.151751758991348140e+01,1.231604293693551355e+01,-3.612399472273501444e-01,-8.297273977434016512e-01,8.178555345531701448e+01,1.262073452563200782e+01,2.790000000000000258e-01,-4.060000000000000275e-01,4.930000007152557373e-01,9.904987812042236328e-01
8.535019397741019986e+01,1.092909045363034259e+01,1.706344701762808613e+00,-2.190916813422458809e+00,8.148139359519075242e+01,1.223307019716117416e+01,-3.612399472273501444e-01,-8.297273977434016512e-01,8.229568549457336246e+01,1.203015218071633896e+01,5.726191296369903538e-02,-1.099091236829334850e+00,8.178555345531701448e+01,1.262073452563200782e+01,1.040000000000000036e+00,-1.336000000000000076e+00,1.692999958992004395e+00,9.090998768806457520e-01
8.221345314325060372e+01,1.479654271761786077e+01,4.460973350316953301e+00,-2.900475620179931990e+00,8.230141168586973777e+01,1.192024305703340481e+01,5.726191296369903538e-02,-1.099091236829334850e+00,8.247569790332494222e+01,1.209411395116744714e+01,5.796062915533977122e-01,-1.200013010924588563e+00,8.195467042911806743e+01,1.244178135488586712e+01,5.022000000000000242e+00,-1.673999999999999932e+00,5.293000221252441406e+00,5.765080451965332031e-01
8.398212480525018009e+01,1.004076750361474879e+01,5.544952433072299236e+00,-2.298610592185589691e-02,8.253365853248028827e+01,1.197411265007498749e+01,5.796062915533977122e-01,-1.200013010924588563e+00,8.302008631349613665e+01,1.185531704634590078e+01,1.237144683969737979e+00,-1.137067438021356569e+00,8.243501329393022559e+01,1.222431118687843288e+01,5.591000000000000192e+00,-2.199999999999999872e-02,5.591000080108642578e+00,4.145387094467878342e-03
8.314902214658201274e+01,1.450637204757967069e+01,5.384953960395642447e+00,-2.232284651888153185e-02,8.314380078189310552e+01,1.174161030254376570e+01,1.237144683969737979e+00,-1.137067438021356569e+00,8.332445666209846991e+01,1.207091823261568209e+01,1.733037648797423724e+00,-8.222435916335986139e-01,8.296366548509902827e+01,1.228148682314316353e+01,5.331999999999999851e+00,1.828000000000000069e+00,5.637000083923339844e+00,4.145387094467878342e-03
8.192788350521909990e+01,1.169403750991131830e+01,2.494896920833343135e+00,4.984472292640687918e+00,8.349776042697821765e+01,1.198869387345232163e+01,1.733037648797423724e+00,-8.222435916335986139e-01,8.323668447833823336e+01,1.229123117767506912e+01,1.754518393288642786e+00,1.576996726684543049e-03,8.344124650888259964e+01,1.269478638338107146e+01,3.206999999999999851e+00,4.533000000000000362e+00,5.552999973297119141e+00,-1.106721758842468262e+00
8.127446889812225095e+01,1.115738518405163404e+01,3.300249035833167088e-01,5.375879578988309149e+00,8.341213631766709113e+01,1.229138887734773711e+01,1.754518393288642786e+00,1.576996726684543049e-03,8.294998846353088595e+01,1.248859683618992378e+01,1.489572067187094451e+00,7.162213104411169207e-01,8.366295671456467176e+01,1.328278858830056919e+01,1.028000000000000025e+00,5.403999999999999915e+00,5.500999927520751953e+00,-1.509483337402343750e+00
8.195575356434444814e+01,1.113316590902535275e+01,3.336401048053310725e-01,5.434768730117033542e+00,8.309894567024959144e+01,1.256021896723403586e+01,1.489572067187094451e+00,7.162213104411169207e-01,8.283472260944726884e+01,1.269188999795647810e+01,1.300783876314444587e+00,1.319710060213589609e+00,8.366295671456467176e+01,1.328278858830056919e+01,4.000000000000000083e-02,5.551999999999999602e+00,5.552000045776367188e+00,-1.509483337402343750e+00
8.384782326201268177e+01,1.600134594610730687e+01,-9.757637077788831048e-01,5.145294361522593007e+00,8.296480099707871148e+01,1.282386100397783757e+01,1.300783876314444587e+00,1.319710060213589609e+00,8.303159687453286608e+01,1.334730850403362368e+01,1.067863978406287107e+00,2.049688571280973370e+00,8.355050706792860638e+01,1.443249733541374979e+01,-1.209999999999999964e+00,5.185999999999999943e+00,5.326000213623046875e+00,-1.758212685585021973e+00
8.384782326201268177e+01,1.600134594610730687e+01,-1.222872364838882175e+00,5.443328406108616235e+00,8.313838327237348835e+01,1.355227736116172110e+01,1.067863978406287107e+00,2.049688571280973370e+00,8.317204804298529552e+01,1.398108657529474819e+01,8.255571099354966913e-01,2.676718738615058157e+00,8.355050706792860638e+01,1.443249733541374979e+01,-9.889999999999999902e-01,5.232999999999999652e+00,5.326000213623046875e+00,-1.791782617568969727e+00
8.619064450203042327e+01,1.211742527656711310e+01,-2.717029235782744134e-01,5.529328262038320396e+00,8.325460375397884150e+01,1.424875844915625400e+01,8.255571099354966913e-01,2.676718738615058157e+00,8.375706853441582211e+01,1.420640322410951129e+01,8.245307342453945809e-01,2.971112622239150625e+00,8.343444490412286996e+01,1.503908379229664050e+01,-5.070000000000000062e-01,5.480999999999999872e+00,5.504000186920166016e+00,-1.619895339012145996e+00
8.498728072633014108e+01,1.523318914954407610e+01,1.587211332105465056e+00,5.450604526745713940e+00,8.383952160784036778e+01,1.450351448633342599e+01,8.245307342453945809e-01,2.971112622239150625e+00,8.408756504348883709e+01,1.471494208026437356e+01,9.665279029761593144e-01,3.370393792012080780e+00,8.343572664223073332e+01,1.556619103094759460e+01,1.217000000000000082e+00,5.407000000000000028e+00,5.541999816894531250e+00,-1.287433147430419922e+00
8.470802068708688637e+01,1.320705921836334973e+01,3.322601488270366055e+00,4.640060972095973568e+00,8.418421783378644818e+01,1.505198145946558164e+01,9.665279029761593144e-01,3.370393792012080780e+00,8.438440179974351452e+01,1.494696499045081239e+01,1.271287456766056367e+00,3.451653837783566381e+00,8.363592958410042399e+01,1.617327149101820893e+01,3.282999999999999918e+00,4.594000000000000306e+00,5.645999908447265625e+00,-9.493673443794250488e-01
8.492108446308701275e+01,1.824380369276730818e+01,4.274117143149737785e+00,2.846076245860260645e+00,8.451153054542011489e+01,1.529213037422916877e+01,1.271287456766056367e+00,3.451653837783566381e+00,8.471832936433513339e+01,1.554138385072621631e+01,1.648271751931079443e+00,3.527940848269853547e+00,8.405749940824087219e+01,1.665547783494898937e+01,4.076999999999999957e+00,3.818999999999999950e+00,5.480000019073486328e+00,-5.874621868133544922e-01
8.386346292439661454e+01,1.165018828113752569e+01,5.101924047943670715e+00,1.566505304462094239e+00,8.488315653952824391e+01,1.589417793555320202e+01,1.648271751931079443e+00,3.527940848269853547e+00,8.484174923674112279e+01,1.537442040557198553e+01,2.015799309638169667e+00,3.008465093209202301e+00,8.450835847801340606e+01,1.692498810471891701e+01,5.214999999999999858e+00,1.600999999999999979e+00,5.454999923706054688e+00,-2.979048192501068115e-01
8.633987116816697949e+01,2.047547681451396784e+01,5.411652888356860203e+00,1.661605087777706435e+00,8.504332916770493966e+01,1.567526691489290513e+01,2.015799309638169667e+00,3.008465093209202301e+00,8.543330918041685607e+01,1.605999145345506207e+01,2.479052192373986330e+00,3.080145612061053750e+00,8.511041688881900313e+01,1.709038574786782405e+01,5.405999999999999694e+00,7.269999999999999796e-01,5.454999923706054688e+00,-7.906261831521987915e-03
8.633987116816697949e+01,2.047547681451396784e+01,5.461829182067204691e+00,4.318355138274836136e-02,8.568121439965425168e+01,1.636800601466116589e+01,2.479052192373986330e+00,3.080145612061053750e+00,8.593380799443920637e+01,1.658983284039870654e+01,2.864677929142713353e+00,2.868814119734030221e+00,8.511041688881900313e+01,1.709038574786782405e+01,5.376000000000000334e+00,-3.699999999999999956e-01,5.388999938964843750e+00,-7.906261831521987915e-03
8.826100730835295849e+01,2.001413471864510640e+01,5.002450729440869104e+00,-2.958855918997810974e+00,8.622027578735347220e+01,1.687671425237211054e+01,2.864677929142713353e+00,2.868814119734030221e+00,8.669516337609738343e+01,1.684627202375530430e+01,3.210565634008261782e+00,2.199822828381678086e+00,8.572565507877618529e+01,1.701555092462822216e+01,4.644000000000000128e+00,-3.423000000000000043e+00,5.769000053405761719e+00,5.341321825981140137e-01
8.239309167811371992e+01,1.456733281761894538e+01,1.618241776742818772e+00,-3.473545405427360677e+00,8.701621993949821388e+01,1.706625430659347131e+01,3.210565634008261782e+00,2.199822828381678086e+00,8.608121052747954138e+01,1.650275457664900003e+01,2.815433035619751667e+00,1.240166695450280132e+00,8.621694993912488769e+01,1.661993820856631743e+01,1.278999999999999915e+00,-3.545999999999999819e+00,3.769000053405761719e+00,1.134818553924560547e+00
8.972917938183064734e+01,1.350517304096536186e+01,2.102194100726149539e+00,-4.512345908280372520e+00,8.636275383104151615e+01,1.662677124619402846e+01,2.815433035619751667e+00,1.240166695450280132e+00,8.696247616375475786e+01,1.599890089957061790e+01,2.879367355498208436e+00,2.344812506298343813e-01,8.635350084272494087e+01,1.624605400707368474e+01,3.930000000000000160e-01,-4.953999999999999737e+00,4.968999862670898438e+00,1.134818553924560547e+00
8.719761490767749024e+01,1.296820457180301744e+01,-2.990909348611603402e+00,-4.302564220288422447e+00,8.725041289930457822e+01,1.602234902463360200e+01,2.879367355498208436e+00,2.344812506298343813e-01,8.698622959948032474e+01,1.547022011800486041e+01,2.175532081097819592e+00,-5.915905223206086028e-01,8.624114656387830280e+01,1.564038117082022517e+01,-3.698999999999999844e+00,-3.794999999999999929e+00,5.300000190734863281e+00,2.178256988525390625e+00
8.256994461947373054e+01,1.179907448463088215e+01,-4.528898896019134312e+00,-2.565365275241851872e+00,8.720378280759010181e+01,1.541106106577279888e+01,2.175532081097819592e+00,-5.915905223206086028e-01,8.604531721819992640e+01,1.495135804792157330e+01,1.169030100212162582e+00,-1.077755971742220265e+00,8.583511018722971642e+01,1.518076927855264735e+01,-4.424000000000000377e+00,-2.918000000000000149e+00,5.300000190734863281e+00,2.626212596893310547e+00
8.434207999704845804e+01,1.259023578357053275e+01,-5.114383205549588141e+00,-1.382709995347053411e+00,8.616222022822114468e+01,1.484358245074735194e+01,1.169030100212162582e+00,-1.077755971742220265e+00,8.554907128204347089e+01,1.460958089823277462e+01,3.375143418403855344e-01,-1.247010582367227283e+00,8.537711381852010106e+01,1.495346291165776975e+01,-5.328000000000000291e+00,-1.441000000000000059e+00,5.519999980926513672e+00,2.877547979354858398e+00
8.271703314746507374e+01,1.571079022980531725e+01,-5.333516128954283175e+00,-1.441954144900124080e+00,8.558282271622751125e+01,1.448487983999605255e+01,3.375143418403855344e-01,-1.247010582367227283e+00,8.480032413403993985e+01,1.459162489786225336e+01,-4.671545583909165744e-01,-1.207141401095354505e+00,8.475975847199357815e+01,1.482982475912487530e+01,-5.471000000000000085e+00,-7.299999999999999822e-01,5.519999980926513672e+00,2.877547979354858398e+00
8.245302307583067147e+01,1.786713893516261464e+01,-3.545200475795736939e+00,-2.894858029224917639e-01,8.475360867820084820e+01,1.447091075775271740e+01,-4.671545583909165744e-01,-1.207141401095354505e+00,8.418931224518016165e+01,1.484969464960400209e+01,-9.369186550211872078e-01,-8.857687943638302697e-01,8.431598710956077980e+01,1.471901734030862663e+01,-3.145999999999999908e+00,-1.578000000000000069e+00,3.519999980926513672e+00,3.060117721557617188e+00
8.245302307583067147e+01,1.786713893516261464e+01,-7.486859604101543386e-01,-8.099866860409418168e-01,8.409562037967803860e+01,1.476111777016761906e+01,-9.369186550211872078e-01,-8.857687943638302697e-01,8.379607324666390866e+01,1.506403304399505494e+01,-9.872083003755761643e-01,-7.023236751058793415e-01,8.431598710956077980e+01,1.471901734030862663e+01,-1.574000000000000066e+00,-1.703999999999999959e+00,2.319999933242797852e+00,2.316885948181152344e+00
8.506271022543516835e+01,1.155222399409360001e+01,-1.422243957118039526e-01,-2.911154786032394415e-01,8.369735241662634451e+01,1.499380067648446690e+01,-9.872083003755761643e-01,-7.023236751058793415e-01,8.398972301165248666e+01,1.468637527457869041e+01,-8.257341344602945332e-01,-8.339390719465362700e-01,8.420678758596307034e+01,1.459220535928151286e+01,-1.439999999999999891e-01,-2.859999999999999765e-01,3.199999928474426270e-01,2.025241851806640625e+00
8.469461286021531521e+01,1.217497403724124894e+01,-1.968958322814265138e-01,-4.201523757401209869e-01,8.390714959820645902e+01,1.460298136738403763e+01,-8.257341344602945332e-01,-8.339390719465362700e-01,8.408190238654836435e+01,1.439314234375363455e+01,-7.156957543267349342e-01,-9.088969851132322475e-01,8.420257234512097000e+01,1.458432705549780017e+01,-1.910000000000000031e-01,-4.239999999999999880e-01,4.650000035762786865e-01,2.009034156799316406e+00
8.381892025443001160e+01,1.434557528653088809e+01,-1.059258053215083178e-01,-2.785385582934732374e-01,8.401033281111568840e+01,1.430225264524231221e+01,-7.156957543267349342e-01,-9.088969851132322475e-01,8.400089072124801248e+01,1.434233500826910657e+01,-6.513099588684579944e-01,-8.152836602602357985e-01,8.419328737189037781e+01,1.456363232215227654e+01,-1.120000000000000023e-01,-3.039999999999999925e-01,3.240000009536743164e-01,1.934197902679443359e+00
8.463896658989840205e+01,1.395147587215014262e+01,-1.327213419690700391e-01,-4.142584307653506825e-01,8.393575972536116581e+01,1.426080664224308236e+01,-6.513099588684579944e-01,-8.152836602602357985e-01,8.408995322727865585e+01,1.425391937769519402e+01,-5.581797690331924411e-01,-7.744360804096401818e-01,8.418935060439430629e+01,1.455308373132200295e+01,-1.039999999999999952e-01,-3.069999999999999951e-01,4.350000023841857910e-01,1.880846619606018066e+00
8.504672419992861876e+01,1.810248000819999348e+01,-1.050130545085448258e-01,-4.159486146096615378e-01,8.403413525037534271e+01,1.417647576965423006e+01,-5.581797690331924411e-01,-7.744360804096401818e-01,8.424345005827792932e+01,1.457432851474363211e+01,-4.591587712062347171e-01,-5.045514853440127290e-01,8.418363618833490136e+01,1.453443176948872662e+01,-1.120000000000000023e-01,-4.199999999999999845e-01,4.350000023841857910e-01,1.818094968795776367e+00
8.190720438931384706e+01,1.500866190886338991e+01,-9.277377486451583721e-02,-3.674697713308018865e-01,8.419753418115730881e+01,1.452387336620923008e+01,-4.591587712062347171e-01,-5.045514853440127290e-01,8.378436726140057544e+01,1.457828935188550545e+01,-5.168602697111822630e-01,-4.577961768025458067e-01,8.418363618833490136e+01,1.453443176948872662e+01,-8.799999999999999489e-02,-3.880000000000000115e-01,3.970000147819519043e-01,1.818094968795776367e+00
8.417618582435768815e+01,1.701811154044893470e+01,-8.749067169070165462e-02,-5.004092313686597793e-01,8.373268123442946376e+01,1.453250973420525050e+01,-5.168602697111822630e-01,-4.577961768025458067e-01,8.383436090244464367e+01,1.476903490964706478e+01,-4.458991090627449361e-01,-3.259342771207063283e-01,8.417616701062576112e+01,1.449719841678183130e+01,-5.199999999999999761e-02,-4.819999999999999840e-01,4.850000143051147461e-01,1.743885040283203125e+00
8.417618582435768815e+01,1.701811154044893470e+01,-4.568603271986027003e-02,-4.898742693658663105e-01,8.378977099153837571e+01,1.473644148193499426e+01,-4.458991090627449361e-01,-3.259342771207063283e-01,8.387949324230574177e+01,1.494644853062651180e+01,-3.809517849164290038e-01,-2.229518773978661217e-01,8.417616701062576112e+01,1.449719841678183130e+01,-3.099999999999999978e-02,-4.839999999999999858e-01,4.850000143051147461e-01,1.663788080215454102e+00
8.468886566162611018e+01,1.659952814653595965e+01,-1.034002545529996188e-02,-3.448450130870963082e-01,8.384139806381409699e+01,1.492415334288672568e+01,-3.809517849164290038e-01,-2.229518773978661217e-01,8.401620517957540812e+01,1.507827002824574159e+01,-2.991125886858901906e-01,-1.475537580102150026e-01,8.417375230762547744e+01,1.447012550945099463e+01,-1.000000000000000021e-02,-3.459999999999999742e-01,3.459999859333038330e-01,1.600771903991699219e+00
8.245992064433983160e+01,1.347170020449713412e+01,2.326098414046608512e-02,-5.705259886681761650e-01,8.398629392070681376e+01,1.506351465244472010e+01,-2.991125886858901906e-01,-1.475537580102150026e-01,8.371432937726011403e+01,1.488638485331956396e+01,-3.282225718080811205e-01,-2.971491487575815826e-01,8.417360734902698027e+01,1.444850761980415932e+01,2.299999999999999961e-02,-5.550000000000000488e-01,5.559999942779541016e-01,1.530047774314880371e+00
8.319582056929162661e+01,1.326561625114198151e+01,5.323138387109689340e-01,-2.576587510238901313e+00,8.368150712007930281e+01,1.485666993844380634e+01,-3.282225718080811205e-01,-2.971491487575815826e-01,8.362780275080979209e+01,1.457383266197315841e+01,-2.469095425857927295e-01,-7.153173815405423630e-01,8.417735719634949021e+01,1.439263851810602901e+01,5.180000000000000160e-01,-2.501999999999999780e+00,2.555999994277954102e+00,1.367066144943237305e+00
8.113411116601368178e+01,1.349602360843922533e+01,2.525140091741641779e+00,-4.229556085706080992e+00,8.360311179655121805e+01,1.450230092381910474e+01,-2.469095425857927295e-01,-7.153173815405423630e-01,8.326068549833335908e+01,1.420532273132695700e+01,-2.505193924399223837e-02,-1.279677727927982067e+00,8.425627565340418812e+01,1.410197098379034131e+01,2.896999999999999797e+00,-4.019999999999999574e+00,4.955999851226806641e+00,1.032569050788879395e+00
8.453837541445399495e+01,1.419070859147233854e+01,4.918374567469198766e+00,-2.398411338784422142e+00,8.325818030440896678e+01,1.407735495853415841e+01,-2.505193924399223837e-02,-1.279677727927982067e+00,8.371213699626552796e+01,1.402450726359669986e+01,6.224109810074289761e-01,-1.435254477100205595e+00,8.461896181061557343e+01,1.366673786809824698e+01,5.171999999999999709e+00,-1.929000000000000048e+00,5.519999980926513672e+00,4.537132978439331055e-01
8.442886304811871412e+01,1.690611393546209484e+01,4.894106317021135411e+00,-2.386577094310226688e+00,8.377437809436626992e+01,1.388098181588667934e+01,6.224109810074289761e-01,-1.435254477100205595e+00,8.408202449109724341e+01,1.411759685431241707e+01,1.161877109493706151e+00,-1.404914641904314365e+00,8.521470689709462931e+01,1.347388012586087669e+01,5.501999999999999780e+00,-4.450000000000000067e-01,5.519999980926513672e+00,4.537132978439331055e-01
8.442886304811871412e+01,1.690611393546209484e+01,5.513859881905358584e+00,5.477490089035853549e-01,8.419821220204661927e+01,1.397710539012198616e+01,1.161877109493706151e+00,-1.404914641904314365e+00,8.442994141259168828e+01,1.436994743565766619e+01,1.692157493885004804e+00,-9.597301622090635975e-01,8.521470689709462931e+01,1.347388012586087669e+01,5.450999999999999623e+00,1.054999999999999938e+00,5.552000045776367188e+00,-9.901553392410278320e-02
8.389248895593888733e+01,1.065057737992054498e+01,4.699722231053933719e+00,2.957772752321456533e+00,8.459915716198018742e+01,1.427397441943675993e+01,1.692157493885004804e+00,-9.597301622090635975e-01,8.459706370592472524e+01,1.414885683436439834e+01,2.020247896115356045e+00,-5.941107481659511080e-01,8.573212862016913505e+01,1.357448704404426110e+01,4.147999999999999687e+00,3.713000000000000078e+00,5.566999912261962891e+00,-5.617216825485229492e-01
8.669485837198054412e+01,1.921207840538226463e+01,2.913396361048137706e+00,4.736754289691554654e+00,8.479908849553626737e+01,1.408944575954780376e+01,2.020247896115356045e+00,-5.941107481659511080e-01,8.519290547230727384e+01,1.488566019618649428e+01,2.210980232585612271e+00,4.616850282924545024e-01,8.622066545489457212e+01,1.397290260968480347e+01,2.314000000000000057e+00,4.897000000000000242e+00,5.416999816894531250e+00,-1.019375562667846680e+00
8.492402863476652897e+01,1.782638080267431846e+01,1.553867952845038758e+00,5.325955014735816562e+00,8.541400349556583649e+01,1.493182869901573895e+01,2.210980232585612271e+00,4.616850282924545024e-01,8.529375321786406516e+01,1.548726030748943572e+01,2.110744814755417753e+00,1.326241142432823095e+00,8.650463914830972101e+01,1.452808888098324225e+01,1.707000000000000073e+00,5.256999999999999673e+00,5.551000118255615234e+00,-1.286921858787536621e+00
8.675981470891257175e+01,1.539259897047489467e+01,1.021709346486334935e+00,5.516177255068413388e+00,8.550482769933960014e+01,1.561988442173271885e+01,2.110744814755417753e+00,1.326241142432823095e+00,8.569274373636011433e+01,1.583677503531969322e+01,2.036213889660989818e+00,1.919868416043627679e+00,8.664120912499467408e+01,1.503997643160107778e+01,7.099999999999999645e-01,5.442999999999999616e+00,5.488999843597412109e+00,-1.387651324272155762e+00
8.311152434341788364e+01,1.484094239625370903e+01,-1.745037078000838404e-01,5.465214702714434658e+00,8.589636512532621282e+01,1.602876187692405452e+01,2.036213889660989818e+00,1.919868416043627679e+00,8.527892667285617279e+01,1.611658314191819485e+01,1.648637876772910626e+00,2.366889646638069333e+00,8.673878526627771635e+01,1.566617233840179324e+01,-1.729999999999999871e-01,5.485999999999999766e+00,5.488999843597412109e+00,-1.602715373039245605e+00
8.619094461203532376e+01,1.656028707228405494e+01,3.562518141939052807e-01,3.047246154272197138e+00,8.544379046053346372e+01,1.635327210658200059e+01,1.648637876772910626e+00,2.366889646638069333e+00,8.552776732798234605e+01,1.641193989422949073e+01,1.527304593300794044e+00,2.476827253238680804e+00,8.670907640410641193e+01,1.621505768384473711e+01,3.579999999999999849e-01,3.068000000000000060e+00,3.088999986648559570e+00,-1.454415202140808105e+00
8.555162763580172225e+01,1.404322893775520065e+01,9.048725695182069373e-01,1.645627452292144577e+00,8.568049778731241872e+01,1.665962261955336032e+01,1.527304593300794044e+00,2.476827253238680804e+00,8.562939410355524217e+01,1.636073430422728592e+01,1.447213978836148884e+00,2.211268970165284564e+00,8.675173997829760708e+01,1.645501167859293190e+01,6.879999999999999449e-01,1.758999999999999897e+00,1.889000058174133301e+00,-1.068056941032409668e+00
8.707260560980154196e+01,1.610837127081426701e+01,2.900151792223991110e-01,3.824803073635520412e-01,8.577411550143885677e+01,1.658186120124381446e+01,1.447213978836148884e+00,2.211268970165284564e+00,8.596722805043684446e+01,1.643213869902791302e+01,1.366465181450040367e+00,1.920365268327743236e+00,8.678408098215523125e+01,1.651324493979020502e+01,2.819999999999999729e-01,4.050000000000000266e-01,4.939999878406524658e-01,-9.220369458198547363e-01
8.707260560980154196e+01,1.610837127081426701e+01,2.483255108266043953e-01,3.274987811390909775e-01,8.610387456858184407e+01,1.662417522586068586e+01,1.366465181450040367e+00,1.920365268327743236e+00,8.623690667210321692e+01,1.648382760673176151e+01,1.275772332082843574e+00,1.661247792786922917e+00,8.678408098215523125e+01,1.651324493979020502e+01,3.459999999999999742e-01,4.369999999999999996e-01,5.569999814033508301e-01,-9.220369458198547363e-01
8.919073986966185430e+01,1.425328571936167243e+01,2.237866311363819471e-01,2.329131869553470457e-01,8.636448390531150210e+01,1.664995238601045457e+01,1.275772332082843574e+00,1.661247792786922917e+00,8.684834437079869929e+01,1.633816304494751037e+01,1.275291665025272136e+00,1.321490742932208251e+00,8.681724977445207969e+01,1.655207092957076753e+01,2.310000000000000109e-01,2.139999999999999958e-01,3.140000104904174805e-01,-8.053792119026184082e-01
8.919073986966185430e+01,1.425328571936167243e+01,2.395643541234790674e-01,2.166516308880868658e-01,8.697587353730122572e+01,1.647031211924073091e+01,1.275291665025272136e+00,1.321490742932208251e+00,8.734590913996586892e+01,1.619422511845822044e+01,1.249663234484980734e+00,1.038516361201647253e+00,8.681724977445207969e+01,1.655207092957076753e+01,2.379999999999999893e-01,2.049999999999999878e-01,3.140000104904174805e-01,-7.352169156074523926e-01
8.753302115199973343e+01,1.581319464607777192e+01,3.511774280815653237e-01,2.667497457044965548e-01,8.747087546341437303e+01,1.629807675457838556e+01,1.249663234484980734e+00,1.038516361201647253e+00,8.744359571092127226e+01,1.620748771102950414e+01,1.145048199065395789e+00,8.999222717176971198e-01,8.682869768123239851e+01,1.656189758890425168e+01,3.380000000000000226e-01,2.660000000000000142e-01,4.300000071525573730e-01,-6.496084928512573242e-01
9.064753317796714782e+01,1.338855798388539320e+01,3.589753480415571740e-01,2.160965045960903663e-01,8.755810053082781508e+01,1.629747993820127405e+01,1.145048199065395789e+00,8.999222717176971198e-01,8.810277982744926817e+01,1.597886673375876576e+01,1.188005356559183046e+00,6.394434241010500397e-01,8.685062837541268266e+01,1.657756264289299963e+01,4.149999999999999800e-01,2.600000000000000089e-01,4.900000095367431641e-01,-5.418751835823059082e-01
8.535644948415712463e+01,1.595383192402279704e+01,3.519416678503174967e-01,1.680388385842614962e-01,8.822158036310518980e+01,1.604281107616887070e+01,1.188005356559183046e+00,6.394434241010500397e-01,8.764864973627612699e+01,1.600739664502547299e+01,9.611423058498749228e-01,5.662940415421824358e-01,8.686822557404785528e+01,1.658785088231817895e+01,3.629999999999999893e-01,1.799999999999999933e-01,4.059999883174896240e-01,-4.454553425312042236e-01
8.426008152963801479e+01,2.216934378245709070e+01,5.060415244984821648e-01,1.884728061486283524e-01,8.774476396686111457e+01,1.606402604917969157e+01,9.611423058498749228e-01,5.662940415421824358e-01,8.707227806882754351e+01,1.662943248401551699e+01,7.523518861919262779e-01,8.506601320011208944e-01,8.689113283145943001e+01,1.659841187120413153e+01,5.000000000000000000e-01,1.859999999999999987e-01,5.339999794960021973e-01,-3.565290868282318115e-01
8.756122422190583166e+01,1.458029205968663611e+01,5.018559098246017092e-01,1.199859063584261670e-01,8.714751325744673238e+01,1.671449849721562941e+01,7.523518861919262779e-01,8.506601320011208944e-01,8.721416090016363398e+01,1.646769313933346979e+01,7.407492196838220133e-01,6.264233382369994718e-01,8.692378664021592272e+01,1.660934479399628216e+01,4.899999999999999911e-01,1.170000000000000068e-01,5.040000081062316895e-01,-2.346790432929992676e-01
8.672415263912743910e+01,1.923771770098735345e+01,4.901848758582291188e-01,1.171955445012058117e-01,8.728823582213202315e+01,1.653033547315716945e+01,7.407492196838220133e-01,6.264233382369994718e-01,8.717171426678645219e+01,1.676159400221817819e+01,6.858123882367965773e-01,7.030856580560180813e-01,8.694999742451528846e+01,1.661507637592741560e+01,4.959999999999999964e-01,8.899999999999999578e-02,5.040000081062316895e-01,-2.346790432929992676e-01
8.672415263912743910e+01,1.923771770098735345e+01,4.088720801587094056e-01,5.067171261763035034e-02,8.724029550561013480e+01,1.683190256802377860e+01,6.858123882367965773e-01,7.030856580560180813e-01,8.713161184355244870e+01,1.702601127115605095e+01,6.298478715548093687e-01,7.422838562937784657e-01,8.694999742451528846e+01,1.661507637592741560e+01,4.380000000000000004e-01,5.500000000000000028e-02,4.420000016689300537e-01,-1.233017891645431519e-01
8.767913454753677627e+01,1.441795785562209709e+01,5.427419899148697713e-01,1.673659884272087062e-02,8.719459663070793454e+01,1.710023965678542979e+01,6.298478715548093687e-01,7.422838562937784657e-01,8.728158985047318197e+01,1.680103722411852729e+01,6.409085959105852437e-01,4.883537855167772168e-01,8.697718095742897049e+01,1.661811668948699605e+01,5.719999999999999529e-01,6.000000000000000125e-03,5.720000267028808594e-01,-3.082734905183315277e-02
8.623134487835038442e+01,1.392004401885130171e+01,4.426474713888860490e-01,-3.462977265594022191e-02,8.734568071006424361e+01,1.684987260267020659e+01,6.409085959105852437e-01,4.883537855167772168e-01,8.712834825236760139e+01,1.653841425749237004e+01,5.678403199067795226e-01,2.499864938140495263e-01,8.701198625509593398e+01,1.661835892324491937e+01,4.319999999999999951e-01,-4.000000000000000083e-02,4.339999854564666748e-01,7.807427644729614258e-02
9.038255953755202654e+01,1.877907521865872198e+01,5.677571936113038342e-01,-9.709655265849534422e-02,8.718513228435827500e+01,1.656341290687377565e+01,5.678403199067795226e-01,2.499864938140495263e-01,8.778408984297728068e+01,1.675663889335714174e+01,7.095081798953946084e-01,3.228041605909052758e-01,8.703286409370532795e+01,1.661638481788719801e+01,5.649999999999999467e-01,-1.049999999999999961e-01,5.749999880790710449e-01,1.693791449069976807e-01
8.785185807890751164e+01,1.800338239833592624e+01,6.036207273498893633e-01,-1.581708999187129983e-01,8.785504066096682152e+01,1.678891930941623301e+01,7.095081798953946084e-01,3.228041605909052758e-01,8.784985757193364009e+01,1.687826593406347087e+01,6.967136502098195683e-01,3.206513030239134809e-01,8.706627321239008666e+01,1.661020691500981883e+01,6.099999999999999867e-01,-1.839999999999999969e-01,6.370000243186950684e-01,2.562750279903411865e-01
8.401487970332740929e+01,1.561061294223082818e+01,5.863213083415425020e-01,-2.277462043202946040e-01,8.791952893695462024e+01,1.691033106436586309e+01,6.967136502098195683e-01,3.206513030239134809e-01,8.718330467960289809e+01,1.675413525957797134e+01,5.105070545075827138e-01,1.691282916175756434e-01,8.711010026919782945e+01,1.659729607207358271e+01,5.979999999999999760e-01,-2.190000000000000002e-01,6.370000243186950684e-01,3.704947233200073242e-01
8.401487970332740929e+01,1.561061294223082818e+01,4.474311893265728868e-01,-1.737967793663796057e-01,8.723435538505366083e+01,1.677104808873972885e+01,5.105070545075827138e-01,1.691282916175756434e-01,8.662853161660660817e+01,1.663994997613799853e+01,3.603147549981310371e-01,5.506992540170954631e-02,8.711010026919782945e+01,1.659729607207358271e+01,4.500000000000000111e-01,-1.900000000000000022e-01,4.880000054836273193e-01,3.704947233200073242e-01
8.930812883356151133e+01,1.573955435952156812e+01,5.027110368840548293e-01,-2.490032160931061889e-01,8.666456309210641962e+01,1.664545696867816815e+01,3.603147549981310371e-01,5.506992540170954631e-02,8.716594003156292558e+01,1.654104209885871057e+01,4.944672816854809860e-01,-3.923247692099149364e-02,8.717144060070226885e+01,1.656895287194061694e+01,5.100000000000000089e-01,-2.740000000000000213e-01,5.789999961853027344e-01,4.598972201347351074e-01
8.791498184199453192e+01,1.396079881275451484e+01,3.773792994005276680e-01,-2.262407175684416349e-01,8.721538675973147292e+01,1.653711885116661051e+01,4.944672816854809860e-01,-3.923247692099149364e-02,8.734136698528952536e+01,1.627878876234303362e+01,5.114743256020789497e-01,-2.093563163871226540e-01,8.719573259324511127e+01,1.655369217495410084e+01,3.760000000000000009e-01,-2.439999999999999947e-01,4.490000009536743164e-01,5.400553345680236816e-01
8.791498184199453192e+01,1.396079881275451484e+01,4.203234345263941463e-01,-2.993061682265632517e-01,8.739251441784973906e+01,1.625785313070432281e+01,5.114743256020789497e-01,-2.093563163871226540e-01,8.748643759471325154e+01,1.603190058653191130e+01,5.237323268939043652e-01,-3.499287498164710408e-01,8.719573259324511127e+01,1.655369217495410084e+01,4.919999999999999929e-01,-3.499999999999999778e-01,6.039999723434448242e-01,6.187909841537475586e-01
8.763382843073831907e+01,1.776672847459482796e+01,3.481896090327083471e-01,-2.928976068432443958e-01,8.753881082740264219e+01,1.599690771155026425e+01,5.237323268939043652e-01,-3.499287498164710408e-01,8.754900580644648755e+01,1.617029898180937053e+01,5.069652637319712607e-01,-2.433971200166465121e-01,8.722793626773822950e+01,1.652984459573337617e+01,3.439999999999999725e-01,-3.109999999999999987e-01,4.639999866485595703e-01,6.993638277053833008e-01
8.995989036507765491e+01,1.471161086659041395e+01,3.355632879190503792e-01,-3.175551782863768047e-01,8.759970233281968888e+01,1.614595926980770457e+01,5.069652637319712607e-01,-2.433971200166465121e-01,8.803440192978244738e+01,1.600384273987958039e+01,5.910625719680229206e-01,-3.337777961003273730e-01,8.724691057148240247e+01,1.651352341272454538e+01,3.330000000000000182e-01,-3.220000000000000084e-01,4.639999866485595703e-01,7.578326463699340820e-01
8.659169626214902848e+01,1.488814087028716315e+01,2.718393695904788854e-01,-3.002138539545539664e-01,8.809350818697924979e+01,1.597046496026954721e+01,5.910625719680229206e-01,-3.337777961003273730e-01,8.779835147233383452e+01,1.586832822776644747e+01,4.863703339054956665e-01,-3.890237823699736475e-01,8.727045106871395319e+01,1.649028999987391941e+01,2.560000000000000053e-01,-2.909999999999999809e-01,3.880000114440917969e-01,8.349586725234985352e-01
8.412592959364465628e+01,1.423308236750876965e+01,2.362362353870250675e-01,-2.950871641076948659e-01,8.784698850572438289e+01,1.582942584952944998e+01,4.863703339054956665e-01,-3.890237823699736475e-01,8.713910204947670479e+01,1.568131388778117241e+01,2.915995274593992659e-01,-4.640782967846647233e-01,8.728712511033218391e+01,1.647150070831964186e+01,2.479999999999999982e-01,-2.979999999999999871e-01,3.880000114440917969e-01,8.957114219665527344e-01
8.523199176775661101e+01,1.602518133690443847e+01,2.111026572160344394e-01,-2.891360846673426965e-01,8.716826200222264731e+01,1.563490605810270573e+01,2.915995274593992659e-01,-4.640782967846647233e-01,8.680206128240723729e+01,1.568239328856575376e+01,1.961841744501232609e-01,-4.170932960799185740e-01,8.729570054982656302e+01,1.646060211860475420e+01,2.210000000000000020e-01,-2.969999999999999862e-01,3.709999918937683105e-01,9.401434063911437988e-01
8.724176558810769677e+01,1.517857987974815792e+01,2.881468112021825512e-01,-4.424425523983577802e-01,8.682167969985225398e+01,1.564068395895776220e+01,1.961841744501232609e-01,-4.170932960799185740e-01,8.690435639965507164e+01,1.559481520909304741e+01,2.257876523984420902e-01,-4.464221663842569132e-01,8.730358934407495042e+01,1.644953949566432527e+01,2.800000000000000266e-01,-4.189999999999999836e-01,5.040000081062316895e-01,9.935331940650939941e-01
8.724176558810769677e+01,1.517857987974815792e+01,2.712291069798501986e-01,-4.164658212812565874e-01,8.692693516489491401e+01,1.555017299245462148e+01,2.257876523984420902e-01,-4.464221663842569132e-01,8.698787954468100736e+01,1.551615679992222141e+01,2.451680042379343616e-01,-4.627226262804434165e-01,8.730358934407495042e+01,1.644953949566432527e+01,2.650000000000000133e-01,-4.289999999999999925e-01,5.040000081062316895e-01,9.935331940650939941e-01
8.721266083387568813e+01,1.547677315549897159e+01,2.449863716216862941e-01,-4.427388167587644197e-01,8.701239634510480414e+01,1.546988453729417756e+01,2.451680042379343616e-01,-4.627226262804434165e-01,8.704990321649253815e+01,1.547168544294327575e+01,2.540200056777002224e-01,-4.594486055328028118e-01,8.732066011374220693e+01,1.642222435586959151e+01,2.330000000000000127e-01,-4.450000000000000067e-01,5.019999742507934570e-01,1.065390229225158691e+00
8.759354111539759913e+01,1.442752249425794986e+01,2.224090303166714744e-01,-4.589490314905566581e-01,8.707530521706030413e+01,1.542574058238999513e+01,2.540200056777002224e-01,-4.594486055328028118e-01,8.717101491210671327e+01,1.532980538465878162e+01,2.732055052677388463e-01,-5.148082485570724121e-01,8.733269548415043459e+01,1.639992363628618222e+01,2.109999999999999931e-01,-4.709999999999999742e-01,5.159999728202819824e-01,1.119540333747863770e+00
8.668121063652370140e+01,1.535066337726006935e+01,1.994891312114901172e-01,-4.888640746743870280e-01,8.719833546263348012e+01,1.527832455980307458e+01,2.732055052677388463e-01,-5.148082485570724121e-01,8.709827125445492868e+01,1.528675713712137707e+01,2.414826596416994042e-01,-5.070373059962735018e-01,8.734419298173980906e+01,1.637510521593461732e+01,1.950000000000000067e-01,-4.779999999999999805e-01,5.159999728202819824e-01,1.183355331420898438e+00
8.894314491709852177e+01,1.662423093408746766e+01,1.338370000958193085e-01,-3.885983381079181620e-01,8.712241952041910054e+01,1.523605340652174966e+01,2.414826596416994042e-01,-5.070373059962735018e-01,8.745882559818436164e+01,1.537625440733209992e+01,3.092952687642358534e-01,-4.128134627432939463e-01,8.735398530927677996e+01,1.635033638651173504e+01,1.300000000000000044e-01,-3.770000000000000018e-01,3.980000019073486328e-01,1.239110469818115234e+00
8.501759862887689678e+01,1.384173948954386546e+01,1.548906000323682086e-01,-5.610106255704944145e-01,8.748975512506078189e+01,1.533497306105777014e+01,3.092952687642358534e-01,-4.128134627432939463e-01,8.701996740069454006e+01,1.518297689221043711e+01,1.813028769921179728e-01,-5.171769217574053723e-01,8.736129426913122131e+01,1.632824166021580581e+01,1.549999999999999989e-01,-5.639999999999999458e-01,5.849999785423278809e-01,1.301415085792541504e+00
8.662628465875523887e+01,1.689013440746322914e+01,2.722816374763463720e-01,-1.294678179614120905e+00,8.703809768839374783e+01,1.513125920003469638e+01,1.813028769921179728e-01,-5.171769217574053723e-01,8.696489549676428510e+01,1.525604693526272548e+01,1.739273951819559905e-01,-5.320029514046478170e-01,8.737136888463120954e+01,1.629042656552887181e+01,2.580000000000000071e-01,-1.360999999999999988e+00,1.384999990463256836e+00,1.363508820533752441e+00
8.838956302386691277e+01,1.723124761683085637e+01,-1.119136526168626189e-01,-2.591584816055644946e+00,8.698228823628248563e+01,1.520284664012226017e+01,1.739273951819559905e-01,-5.320029514046478170e-01,8.723352508204585831e+01,1.528049284457507362e+01,2.021257546459203913e-01,-7.173682954167985848e-01,8.739331483806773804e+01,1.613015587490690805e+01,1.920000000000000040e-01,-2.577999999999999847e+00,2.585000038146972656e+00,1.613952994346618652e+00
8.470772218680463084e+01,1.589751902084553414e+01,-2.138180509270102558e-01,-4.951385297717993517e+00,8.725373765751045596e+01,1.520875601503339425e+01,2.021257546459203913e-01,-7.173682954167985848e-01,8.675878468886742212e+01,1.503371782159810799e+01,3.960685068178301793e-02,-1.291747450329804758e+00,8.734423494331490190e+01,1.578062279408265667e+01,-1.838000000000000078e+00,-4.634000000000000341e+00,4.985000133514404297e+00,1.613952994346618652e+00
8.470772218680463084e+01,1.589751902084553414e+01,-3.010800335583758258e+00,-4.506826174402015717e+00,8.676274537393560138e+01,1.490454307656512789e+01,3.960685068178301793e-02,-1.291747450329804758e+00,8.624564643279654774e+01,1.481680903315279885e+01,-4.159735736106653370e-01,-1.701801565718857212e+00,8.734423494331490190e+01,1.578062279408265667e+01,-3.536000000000000032e+00,-4.203000000000000291e+00,5.492000102996826172e+00,2.159758329391479492e+00
8.651223865127678891e+01,1.568768001980231297e+01,-5.076211755248598578e+00,-2.439569198060579147e+00,8.620404907543547779e+01,1.464662887658091250e+01,-4.159735736106653370e-01,-1.701801565718857212e+00,8.605990543989514663e+01,1.470467262316577184e+01,-9.592143763096510067e-01,-1.750739873584881146e+00,8.697576570457354705e+01,1.529632790249730512e+01,-5.336999999999999744e+00,-1.370999999999999996e+00,5.510000228881835938e+00,2.693594455718994141e+00
8.771862900195111479e+01,1.499798650097303998e+01,-5.140091051407639888e+00,7.393992962009107162e-01,8.596398400226418346e+01,1.452959863580728417e+01,-9.592143763096510067e-01,-1.750739873584881146e+00,8.611156435730495673e+01,1.471651410839041851e+01,-1.381079318406805756e+00,-1.364427619166151961e+00,8.637375688536529594e+01,1.511029370020087725e+01,-4.956999999999999851e+00,1.772000000000000020e+00,5.263999938964843750e+00,-2.998723268508911133e+00
8.687118709084359125e+01,1.644400460815540299e+01,-4.421635692303480525e+00,5.675559248776605725e-02,8.597345642546427769e+01,1.458007134647380276e+01,-1.381079318406805756e+00,-1.364427619166151961e+00,8.600991168648765495e+01,1.484023889582886113e+01,-1.704646243341739531e+00,-1.055288469998572509e+00,8.587060594554797888e+01,1.522157318718326735e+01,-4.326999999999999957e+00,-1.096000000000000085e+00,4.464000225067138672e+00,-3.128757476806640625e+00
8.689903426147874654e+01,1.299575026160191982e+01,-4.597728794288626908e+00,-2.614270700852546536e+00,8.583944706215348219e+01,1.473471004882900459e+01,-1.704646243341739531e+00,-1.055288469998572509e+00,8.591261063233213235e+01,1.447870509362900648e+01,-2.003418250905959042e+00,-1.377426095372124903e+00,8.540030717851166742e+01,1.519557316393042257e+01,-4.892000000000000348e+00,-2.779999999999999805e+00,5.625999927520751953e+00,2.624581098556518555e+00
8.449843221871454091e+01,1.330986769401223313e+01,-3.216791788322090007e+00,-3.297983994909482242e+00,8.571226880724154285e+01,1.434096248409179353e+01,-2.003418250905959042e+00,-1.377426095372124903e+00,8.543232390482781113e+01,1.413240568671576547e+01,-2.202200940237689863e+00,-1.712572324149839620e+00,8.488163042043645135e+01,1.484949333823132100e+01,-3.250999999999999890e+00,-3.330999999999999961e+00,4.653999805450439453e+00,2.343732357025146484e+00
8.645900356732316538e+01,1.351539273458036128e+01,-2.416608763437766427e+00,-2.477604255491135277e+00,8.521210381080403806e+01,1.396114845430078155e+01,-2.202200940237689863e+00,-1.712572324149839620e+00,8.543639264417564050e+01,1.387470456415971576e+01,-2.172572545216008510e+00,-1.848019238553418653e+00,8.463389253601161499e+01,1.447831661795228619e+01,-1.116000000000000103e+00,-3.269000000000000128e+00,3.453999996185302734e+00,2.343732357025146484e+00
8.395237553052677981e+01,1.606372184919211676e+01,3.148770264460551416e-01,-1.010057617972025090e+00,8.521913538965404200e+01,1.368990264030437309e+01,-2.172572545216008510e+00,-1.848019238553418653e+00,8.508959149926143084e+01,1.396585635208532672e+01,-1.931453329082274850e+00,-1.594952950399789016e+00,8.464283800123617141e+01,1.431765968926928956e+01,2.479999999999999982e-01,-1.024999999999999911e+00,1.054000020027160645e+00,1.268602490425109863e+00
8.348222637152292691e+01,1.274860270169379106e+01,-3.991021670250562980e-01,1.280233711244931571e+00,8.489644616635320062e+01,1.380636105704534700e+01,-1.931453329082274850e+00,-1.594952950399789016e+00,8.469790556129279935e+01,1.386850034720015223e+01,-1.811001944159104537e+00,-1.237675791566505534e+00,8.464283800123617141e+01,1.431765968926928956e+01,-3.330000000000000182e-01,1.304000000000000048e+00,-1.345999956130981445e+00,1.268602490425109863e+00
8.348222637152292691e+01,1.274860270169379106e+01,-2.812056969849209276e-01,2.142625588778438672e+00,8.451680536687689482e+01,1.374473276804350164e+01,-1.811001944159104537e+00,-1.237675791566505534e+00,8.438927066693391055e+01,1.384157790337866878e+01,-1.674034011454140991e+00,-8.038904939234501335e-01,8.463398790301273777e+01,1.434991486223530366e+01,5.530000000000000471e-01,2.072999999999999954e+00,-2.145999908447265625e+00,1.440298676490783691e+00
8.582063472245668834e+01,1.716212160714855983e+01,3.746704751425768976e-01,8.621032598095000887e-01,8.422186726578848948e+01,1.376118885398632408e+01,-1.674034011454140991e+00,-8.038904939234501335e-01,8.461010518255504564e+01,1.418306499477932192e+01,-1.358373334608674821e+00,-3.739783796260404136e-01,8.464082002628492774e+01,1.460022480627856289e+01,4.209999999999999853e-01,8.469999999999999751e-01,-9.459999799728393555e-01,1.980770468711853027e+00
8.428700754003754980e+01,1.419214947303179741e+01,-2.272158089927774904e-01,-4.022648227216664152e-01,8.447426784909417563e+01,1.414566715681671738e+01,-1.358373334608674821e+00,-3.739783796260404136e-01,8.448818942477029736e+01,1.414852398383952803e+01,-1.231497939301996025e+00,-3.754899869912491917e-01,8.466941881126571445e+01,1.466774876226563329e+01,-2.149999999999999967e-01,-4.259999999999999898e-01,4.779999852180480957e-01,2.084962606430053711e+00
8.255976200041337165e+01,1.207097156192943643e+01,-1.818012421443495064e-01,-4.366661183122921286e-01,8.436503963084010138e+01,1.411097498514040360e+01,-1.231497939301996025e+00,-3.754899869912491917e-01,8.407233576470162006e+01,1.391137353409808242e+01,-1.186051323766760923e+00,-4.976248422896710766e-01,8.465453004823308447e+01,1.463911087635628583e+01,-1.640000000000000069e-01,-4.380000000000000004e-01,4.679999947547912598e-01,1.965308427810668945e+00
8.477646154143594970e+01,1.487059537895658856e+01,-1.261447447450522452e-01,-4.277890976785757582e-01,8.395373063232494815e+01,1.386161104986911496e+01,-1.186051323766760923e+00,-4.976248422896710766e-01,8.415376329224372398e+01,1.396258893494348996e+01,-1.022937743896322305e+00,-4.314904094088282127e-01,8.464436387956064323e+01,1.461274559636740200e+01,-1.400000000000000133e-01,-4.460000000000000075e-01,4.679999947547912598e-01,1.857545614242553711e+00
8.150045943199208409e+01,1.382774002718290518e+01,-1.161695958043647003e-01,-5.099349242851848318e-01,8.405146951785408760e+01,1.391943989400260762e+01,-1.022937743896322305e+00,-4.314904094088282127e-01,8.361287911504362569e+01,1.390615459679740518e+01,-1.027614391349581213e+00,-4.479328473162719759e-01,8.464088869096718781e+01,1.460074265188105613e+01,-1.170000000000000068e-01,-5.140000000000000124e-01,5.279999971389770508e-01,1.794786214828491211e+00
8.634182906152123849e+01,1.441869290077051247e+01,-4.940613260240791366e-02,-4.533156011860953183e-01,8.351011767590867407e+01,1.386136131206577815e+01,-1.027614391349581213e+00,-4.479328473162719759e-01,8.408294548438959737e+01,1.391463365919078221e+01,-7.852459349973606173e-01,-4.177625740387673758e-01,8.463508272173534408e+01,1.457012970562336918e+01,-4.900000000000000189e-02,-4.520000000000000129e-01,4.550000131130218506e-01,1.679356217384338379e+00
8.352133810452481555e+01,1.379247088571686142e+01,-4.940613260240791366e-02,-4.533156011860953183e-01,8.400442089088986108e+01,1.387285740178690574e+01,-7.852459349973606173e-01,-4.177625740387673758e-01,8.394580257703243831e+01,1.386310365104768394e+01,-7.187187296513819490e-01,-4.273707328955550500e-01,8.463296937899465888e+01,1.454627640422310364e+01,-2.699999999999999969e-02,-4.540000000000000147e-01,4.550000131130218506e-01,1.679356217384338379e+00
8.498592165058774128e+01,1.555102987426344008e+01,-1.379625637076675911e-02,-6.458526914416492515e-01,8.387393070406730544e+01,1.382036657775812927e+01,-7.187187296513819490e-01,-4.273707328955550500e-01,8.411277182428307242e+01,1.397429483247431392e+01,-5.852085198722829507e-01,-3.628779879724219337e-01,8.463293886127051735e+01,1.452988655764779580e+01,7.000000000000000146e-03,-6.530000000000000249e-01,6.529999971389770508e-01,1.592154383659362793e+00
8.498592165058774128e+01,1.555102987426344008e+01,4.845119364930234457e-02,-6.491945098615463650e-01,8.405425097229584708e+01,1.393800703367707250e+01,-5.852085198722829507e-01,-3.628779879724219337e-01,8.425622641203788987e+01,1.407676074381530640e+01,-4.682041617128088751e-01,-3.147330136023904212e-01,8.463293886127051735e+01,1.452988655764779580e+01,4.900000000000000189e-02,-6.510000000000000231e-01,6.529999971389770508e-01,1.496301651000976562e+00
8.217787671039479847e+01,1.308232398218673254e+01,1.239497883648135595e-01,-6.736924025329753540e-01,8.420940599586660369e+01,1.404528744245506822e+01,-4.682041617128088751e-01,-3.147330136023904212e-01,8.385449915361094497e+01,1.393225963565512338e+01,-4.874589238479936637e-01,-4.201456350386688632e-01,8.463736390998808190e+01,1.447882874137523324e+01,1.370000000000000107e-01,-6.690000000000000391e-01,6.830000281333923340e-01,1.388845443725585938e+00
8.603904759891963749e+01,1.719879276930253909e+01,1.337945425996944770e-01,-4.588932405679916893e-01,8.380575326122614399e+01,1.389024507215125581e+01,-4.874589238479936637e-01,-4.201456350386688632e-01,8.425101919193274114e+01,1.420610437544994475e+01,-3.142622477639991363e-01,-2.420255291408060228e-01,8.464610719657113691e+01,1.443625290588800780e+01,1.419999999999999873e-01,-4.670000000000000262e-01,4.889999926090240479e-01,1.287101268768310547e+00
8.627280569016991763e+01,1.710937197323898218e+01,2.117030162935251703e-01,-5.474950661395964202e-01,8.421959296715634480e+01,1.418190182253586329e+01,-3.142622477639991363e-01,-2.420255291408060228e-01,8.462699717200707994e+01,1.444592855155116418e+01,-1.604318796913385692e-01,-1.236594218599288697e-01,8.465285921052182516e+01,1.441436321918296493e+01,2.210000000000000020e-01,-5.430000000000000382e-01,5.860000252723693848e-01,1.201828956604003906e+00
8.526686286934018710e+01,1.090377147326523577e+01,2.488717724620438942e-01,-5.172415702226753620e-01,8.461095398403794832e+01,1.443356260936517188e+01,-1.604318796913385692e-01,-1.236594218599288697e-01,8.475155326150918711e+01,1.407180011853687951e+01,-8.245697131585699724e-02,-3.766198617341556254e-01,8.466706514292542352e+01,1.437894184729545799e+01,2.459999999999999964e-01,-5.320000000000000284e-01,5.860000252723693848e-01,1.122340559959411621e+00
8.206534552523685022e+01,9.628003431719246663e+00,2.410674282838691229e-01,-5.010214453071710761e-01,8.474330756437760215e+01,1.403413813236346463e+01,-8.245697131585699724e-02,-3.766198617341556254e-01,8.425567039202427111e+01,1.360346617029151162e+01,-1.624562542336509541e-01,-6.392962580851726528e-01,8.467878389302950382e+01,1.435532314878636306e+01,2.730000000000000204e-01,-4.949999999999999956e-01,5.659999847412109375e-01,1.122340559959411621e+00
8.433447101705610294e+01,1.432096214516487365e+01,2.785746964115984325e-01,-4.880984657391406190e-01,8.423942476660090506e+01,1.353953654448299382e+01,-1.624562542336509541e-01,-6.392962580851726528e-01,8.427633429325895520e+01,1.362327405188025331e+01,-1.055417328002447308e-01,-5.740259549556019358e-01,8.469556856090508745e+01,1.432688172049261155e+01,2.949999999999999845e-01,-4.829999999999999849e-01,5.659999847412109375e-01,1.052173495292663574e+00
8.117980051031759103e+01,1.187673194568285773e+01,3.018335011725915007e-01,-4.356564096200729597e-01,8.426578011997892759e+01,1.356587145638469316e+01,-1.055417328002447308e-01,-5.740259549556019358e-01,8.370534297142876312e+01,1.341137031984471228e+01,-1.936001053988507525e-01,-6.478044422496458399e-01,8.471510744057528086e+01,1.429914124107662765e+01,3.079999999999999960e-01,-4.179999999999999827e-01,5.189999938011169434e-01,9.649022817611694336e-01
8.117980051031759103e+01,1.187673194568285773e+01,3.293451150335600652e-01,-4.075632266407855364e-01,8.368598296088887878e+01,1.334658987561974719e+01,-1.936001053988507525e-01,-6.478044422496458399e-01,8.323916322090212816e+01,1.321897396905749922e+01,-2.421571348580192906e-01,-6.946660539884351726e-01,8.471510744057528086e+01,1.429914124107662765e+01,3.729999999999999982e-01,-4.229999999999999871e-01,5.640000104904174805e-01,8.911458253860473633e-01
8.429913568470557550e+01,1.334490550905897344e+01,3.307389458702479357e-01,-3.437160861307288484e-01,8.321494750741632629e+01,1.314950736365865502e+01,-2.421571348580192906e-01,-6.946660539884351726e-01,8.344286123278442346e+01,1.318828893078665132e+01,-1.256559668911798600e-01,-6.330359047559409591e-01,8.473794984792158402e+01,1.427215893362787646e+01,3.360000000000000209e-01,-3.220000000000000084e-01,4.659999907016754150e-01,8.046367168426513672e-01
8.232082128492328366e+01,1.826925308887664201e+01,3.369230594380550614e-01,-3.028066383472722833e-01,8.343029563609530896e+01,1.312498534031105635e+01,-1.256559668911798600e-01,-6.330359047559409591e-01,8.324250060851198896e+01,1.363834566845881469e+01,-1.195386882223108405e-01,-2.995887915236395971e-01,8.476155900904709029e+01,1.424840290669180476e+01,3.459999999999999742e-01,-3.109999999999999987e-01,4.659999907016754150e-01,7.321192026138305664e-01
8.453873720710714679e+01,1.489874376229794350e+01,2.307975281441081883e+00,-1.562247986293649804e+00,8.323054673968975692e+01,1.360838678930645074e+01,-1.195386882223108405e-01,-2.995887915236395971e-01,8.358076158169585312e+01,1.366048945629960798e+01,2.285141280522701712e-01,-4.106303369934602432e-01,8.481588411329934729e+01,1.420270569472882016e+01,2.451999999999999957e+00,-1.483000000000000096e+00,2.865999937057495117e+00,5.950477123260498047e-01
8.486640725999127710e+01,1.515763981474832356e+01,3.990728037398223904e+00,-7.191059305484704955e-01,8.360361299450107708e+01,1.361942642260026126e+01,2.285141280522701712e-01,-4.106303369934602432e-01,8.400314144012899931e+01,1.374972571482963524e+01,7.340515688555457885e-01,-3.698458289296054358e-01,8.511555528588975505e+01,1.404652626672284477e+01,3.825000000000000178e+00,-1.377000000000000002e+00,4.065999984741210938e+00,1.782810091972351074e-01
8.487520992736651237e+01,1.271066076924237720e+01,4.982225382450088169e+00,2.032877686940749218e+00,8.407654659701455557e+01,1.371274113193667432e+01,7.340515688555457885e-01,-3.698458289296054358e-01,8.441018242568583219e+01,1.375331228453821808e+01,1.277095418983777320e+00,-7.783827914343682819e-02,8.570539140690186741e+01,1.403335411739090155e+01,5.448000000000000398e+00,1.124000000000000110e+00,5.563000202178955078e+00,-3.874061703681945801e-01
8.722335410078858331e+01,9.932689978528989272e+00,5.060000420552113631e+00,2.064611927650835899e+00,8.453789196758421554e+01,1.374552845662387490e+01,1.277095418983777320e+00,-7.783827914343682819e-02,8.520481936215834651e+01,1.350105721258398539e+01,1.848143757968686351e+00,2.042603757248320773e-02,8.570539140690186741e+01,1.403335411739090155e+01,4.854000000000000092e+00,2.508000000000000007e+00,5.464000225067138672e+00,-3.874061703681945801e-01
8.723233938181691371e+01,1.160658128353360219e+01,3.532914420403699296e+00,3.814199190981210297e+00,8.538963373795522216e+01,1.350309981634123346e+01,1.848143757968686351e+00,2.042603757248320773e-02,8.580780246516142995e+01,1.353694557333722770e+01,2.131123368594048717e+00,4.640378725664564552e-01,8.653764009430618387e+01,1.478328831357250372e+01,1.877000000000000002e+00,5.027999999999999581e+00,5.367000102996826172e+00,-8.236645460128784180e-01
8.723233938181691371e+01,1.160658128353360219e+01,1.511283919134557951e+00,4.976587599738627077e+00,8.602091480202084028e+01,1.358334936059387310e+01,2.131123368594048717e+00,4.640378725664564552e-01,8.622099543498157459e+01,1.365043589922432687e+01,2.110730938097764131e+00,1.007194325131521406e+00,8.653764009430618387e+01,1.478328831357250372e+01,9.749999999999999778e-01,5.277999999999999581e+00,5.367000102996826172e+00,-1.275967955589294434e+00
8.208513116782062013e+01,1.471546061233845393e+01,-1.262022192384626429e-01,5.114443351463628495e+00,8.643206852879134772e+01,1.375115533173747906e+01,2.110730938097764131e+00,1.007194325131521406e+00,8.552087319601051263e+01,1.407788800799991336e+01,1.650805778149367242e+00,1.655027550411233284e+00,8.666758394176574143e+01,1.538195068923533171e+01,1.479999999999999927e-01,5.352999999999999758e+00,5.355000019073486328e+00,-1.595466971397399902e+00
8.324577093062971755e+01,1.370718391017088678e+01,-1.478646686007787370e+00,5.074977595866650759e+00,8.568595377382544598e+01,1.424339076304103635e+01,1.650805778149367242e+00,1.655027550411233284e+00,8.509328028661748533e+01,1.438670976472764984e+01,1.168713074379167605e+00,2.120089617559913542e+00,8.662689638095069711e+01,1.590200836832348763e+01,-2.282999999999999918e+00,4.985000000000000320e+00,5.631999969482421875e+00,-1.854308009147644043e+00
8.816971874214061700e+01,2.047731096845558341e+01,-2.951345730776570253e+00,4.561474359325988104e+00,8.521015159405540373e+01,1.459871872648364111e+01,1.168713074379167605e+00,2.120089617559913542e+00,8.558607971069949372e+01,1.530296601420363523e+01,8.075058662474594584e-01,2.799780915915009771e+00,8.640553712791388818e+01,1.649872238714251793e+01,-2.979999999999999982e+00,4.602999999999999758e+00,5.482999801635742188e+00,-2.145070791244506836e+00
8.696661764369314085e+01,1.695135492330379279e+01,-3.792077241868156090e+00,3.766851861814370483e+00,8.566683029732423904e+01,1.558294410579513567e+01,8.075058662474594584e-01,2.799780915915009771e+00,8.571106617539010131e+01,1.576959950660724807e+01,3.154509541010894202e-01,3.015697030158404512e+00,8.602447557443717585e+01,1.701207192098915044e+01,-3.744000000000000217e+00,3.718999999999999861e+00,5.276999950408935547e+00,-2.359531641006469727e+00
8.601669579751181516e+01,1.788506276711827425e+01,-3.129422062054281639e+00,3.162327861764095527e+00,8.574261127080021083e+01,1.607116920962308981e+01,3.154509541010894202e-01,3.015697030158404512e+00,8.564472693551714144e+01,1.625390276687450353e+01,-8.406537324887103368e-02,3.137640384841553942e+00,8.566078996629262576e+01,1.737107117289380298e+01,-2.938000000000000167e+00,3.378000000000000114e+00,4.477000236511230469e+00,-2.350964546203613281e+00
8.470449852880474850e+01,2.010589726169090952e+01,-2.306445347608625962e+00,2.330697566435325552e+00,8.563632039819225383e+01,1.656766680535865888e+01,-8.406537324887103368e-02,3.137640384841553942e+00,8.536549531046013328e+01,1.686183523221028224e+01,-3.909278882245501574e-01,3.217363568005554786e+00,8.536991548492302684e+01,1.775217468935431597e+01,-1.137999999999999901e+00,3.072999999999999954e+00,3.276999950408935547e+00,-2.350964546203613281e+00
8.470449852880474850e+01,2.010589726169090952e+01,-2.515218225545649000e-01,2.116104428335111365e+00,8.532640252163767514e+01,1.718357158901083892e+01,-3.909278882245501574e-01,3.217363568005554786e+00,8.521594264548953390e+01,1.740176001677808060e+01,-4.018254426790042189e-01,3.220299912914548202e+00,8.536991548492302684e+01,1.775217468935431597e+01,-4.700000000000000011e-02,2.076000000000000068e+00,2.076999902725219727e+00,-1.689102053642272949e+00
8.342929482434419697e+01,1.734163935333610951e+01,-6.822255942450422550e-02,-3.013746396060335564e-01,8.517576010122162700e+01,1.772379000806953542e+01,-4.018254426790042189e-01,3.220299912914548202e+00,8.486305304977804553e+01,1.748638852034867597e+01,-4.393457897645601795e-01,2.689521963255336878e+00,8.535817003250008383e+01,1.794707901659626970e+01,-7.199999999999999456e-02,-3.150000000000000022e-01,7.699999958276748657e-02,-1.348177075386047363e+00
8.651311981676298046e+01,2.026178724860474034e+01,7.545618319291186316e-02,3.907817369532604612e-01,8.481911847080158395e+01,1.775534071667420832e+01,-4.393457897645601795e-01,2.689521963255336878e+00,8.515874947678803153e+01,1.786531667803751944e+01,-3.027660634118261029e-01,2.496098698564670482e+00,8.535640764240467604e+01,1.793896706232395033e+01,7.799999999999999989e-02,3.760000000000000009e-01,3.840000033378601074e-01,-1.380053400993347168e+00
8.832358694025282375e+01,1.837254829529149092e+01,1.940707048344819108e-01,6.652710630261949865e-01,8.512847287044684208e+01,1.811492654789398671e+01,-3.027660634118261029e-01,2.496098698564670482e+00,8.574852304284210902e+01,1.803537326314345179e+01,-1.018189649594151425e-01,2.245499248091670452e+00,8.536109209059506497e+01,1.796060021111623684e+01,1.449999999999999900e-01,5.390000000000000346e-01,5.580000281333923340e-01,-1.286956071853637695e+00
8.444668614870255396e+01,1.664445312177154435e+01,2.671475430439157472e-01,5.804766906753495714e-01,8.573834114634617265e+01,1.825992318795261937e+01,-1.018189649594151425e-01,2.245499248091670452e+00,8.551236377822849022e+01,1.800974778247973518e+01,-1.149607586655270186e-01,1.914875968997099775e+00,8.537591981817939768e+01,1.800473053581350058e+01,2.879999999999999782e-01,5.530000000000000471e-01,6.230000257492065430e-01,-1.139475226402282715e+00
8.598957324013511538e+01,1.784781846307590314e+01,3.355506266828360284e-01,5.177786756197829687e-01,8.550086770236194411e+01,1.820123537937944391e+01,-1.149607586655270186e-01,1.914875968997099775e+00,8.561193051688321987e+01,1.808765367435089644e+01,-3.947031153911950696e-02,1.693102149702960801e+00,8.539406633348436060e+01,1.804195435155449090e+01,3.270000000000000129e-01,5.310000000000000275e-01,6.230000257492065430e-01,-9.957875013351440430e-01
8.275798749891822581e+01,2.022340662607383166e+01,2.493881400112835378e-01,3.140167990356139693e-01,8.560798348572930649e+01,1.825696388932119163e+01,-3.947031153911950696e-02,1.693102149702960801e+00,8.508661820292239497e+01,1.836742812859667495e+01,-1.312349748874626076e-01,1.602758351678729376e+00,8.541425371144245560e+01,1.807296402653570766e+01,2.479999999999999982e-01,3.130000000000000004e-01,3.989999890327453613e-01,-8.996098041534423828e-01
8.471049743850980462e+01,1.379280264531593403e+01,2.716367836428751903e-01,2.826259891350878517e-01,8.507349470543364589e+01,1.852770396376454798e+01,-1.312349748874626076e-01,1.602758351678729376e+00,8.502294777890003274e+01,1.799729382658211563e+01,-9.917634062584210208e-02,1.148813035487900258e+00,8.542805910118003965e+01,1.808974297226182060e+01,2.620000000000000107e-01,3.009999999999999898e-01,3.989999890327453613e-01,-8.052222728729248047e-01
8.955808448773909447e+01,1.803355649664304039e+01,3.859736923330341352e-01,4.015884561465101199e-01,8.501303014483744391e+01,1.811217513013090397e+01,-9.917634062584210208e-02,1.148813035487900258e+00,8.588545293302053096e+01,1.806204060674432199e+01,1.601899631407402713e-01,1.036330140519453380e+00,8.545069169986257407e+01,1.811237747788780084e+01,4.079999999999999738e-01,3.770000000000000018e-01,5.559999942779541016e-01,-8.052222728729248047e-01
8.955808448773909447e+01,1.803355649664304039e+01,4.114826586208780168e-01,3.340389069067427052e-01,8.590147192933460474e+01,1.816567362079626591e+01,1.601899631407402713e-01,1.036330140519453380e+00,8.659733609884654015e+01,1.811295630378122468e+01,3.522436077381076447e-01,9.273779058587460211e-01,8.545069169986257407e+01,1.811237747788780084e+01,4.209999999999999853e-01,2.989999999999999880e-01,5.159999728202819824e-01,-6.818907856941223145e-01
8.529615698749707065e+01,1.610505802792440733e+01,4.199075212485537945e-01,2.787358638029504010e-01,8.663256045962035046e+01,1.820569409436710018e+01,3.522436077381076447e-01,9.273779058587460211e-01,8.638514849782973215e+01,1.796679018028475738e+01,3.011134683714800087e-01,7.168746736366424788e-01,8.548611879349856224e+01,1.814067299448526072e+01,4.339999999999999969e-01,2.790000000000000258e-01,5.159999728202819824e-01,-5.860174298286437988e-01
8.703440713820035057e+01,2.021054155927992113e+01,4.546328092408921662e-01,2.440593794802123906e-01,8.641525984466687760e+01,1.803847764764842054e+01,3.011134683714800087e-01,7.168746736366424788e-01,8.653789247271402019e+01,1.822034813590266822e+01,3.468933466023483847e-01,7.690788806400494781e-01,8.551472139309633747e+01,1.815872223560155518e+01,4.620000000000000218e-01,2.389999999999999902e-01,5.199999809265136719e-01,-4.926737248897552490e-01
8.597460496374097261e+01,2.082003481478775342e+01,4.434056881767438618e-01,1.811971240062965338e-01,8.657258180737424880e+01,1.829725602396667483e+01,3.468933466023483847e-01,7.690788806400494781e-01,8.646474600647768227e+01,1.850628603988747756e+01,3.319302191098077448e-01,8.241094403257731571e-01,8.554732942566074883e+01,1.817511589696322361e+01,4.500000000000000111e-01,1.739999999999999880e-01,4.830000102519989014e-01,-3.879397809505462646e-01
8.717098402912492361e+01,1.853022719702507359e+01,4.717994832985981102e-01,1.497673271440193854e-01,8.649793902838865733e+01,1.858869698392005532e+01,3.319302191098077448e-01,8.241094403257731571e-01,8.663007679285074403e+01,1.854465227969267005e+01,3.784671223488063063e-01,7.232909104392878374e-01,8.557320833197636034e+01,1.818526871406058376e+01,4.580000000000000182e-01,1.529999999999999971e-01,4.830000102519989014e-01,-3.073776662349700928e-01
8.777348518302862601e+01,1.976879413297276855e+01,5.553732652000010761e-01,1.142344273755646900e-01,8.666792350508562492e+01,1.861698137073659964e+01,3.784671223488063063e-01,7.232909104392878374e-01,8.688268726547968868e+01,1.869300708588368565e+01,4.485947041083601095e-01,6.991267169724011410e-01,8.560891008355311271e+01,1.819548637993805684e+01,5.620000000000000551e-01,1.260000000000000009e-01,5.759999752044677734e-01,-2.028601616621017456e-01
8.501475417565248449e+01,1.941662128080480798e+01,5.289269665000491116e-01,1.087947024599186380e-01,8.692754673589053027e+01,1.876291975758092434e+01,4.485947041083601095e-01,6.991267169724011410e-01,8.657271090610251463e+01,1.879212647694137672e+01,3.734386645483811495e-01,6.500112425421828988e-01,8.562171220774054348e+01,1.819813950174001249e+01,5.430000000000000382e-01,8.899999999999999578e-02,5.500000119209289551e-01,-1.460984349250793457e-01
8.501475417565248449e+01,1.941662128080480798e+01,5.342471816782501381e-01,7.861279821462338613e-02,8.661005477255734775e+01,1.885712760119559661e+01,3.734386645483811495e-01,6.500112425421828988e-01,8.631817956078884890e+01,1.887835647898683789e+01,3.219675545844763453e-01,5.984038527098911597e-01,8.562171220774054348e+01,1.819813950174001249e+01,5.460000000000000409e-01,6.300000000000000044e-02,5.500000119209289551e-01,-1.460984349250793457e-01
8.657267540651881177e+01,1.684499938605316416e+01,4.778400736492364187e-01,3.331465249011846680e-02,8.635037631624729215e+01,1.893819686425782578e+01,3.219675545844763453e-01,5.984038527098911597e-01,8.639877090660851877e+01,1.870476886231585212e+01,3.504443186351464123e-01,4.004030876779568482e-01,8.568436098046002769e+01,1.820368607170866326e+01,4.769999999999999796e-01,1.400000000000000029e-02,4.769999980926513672e-01,-6.960661709308624268e-02
8.657267540651881177e+01,1.684499938605316416e+01,5.998996703861944058e-01,-1.097333498829968987e-02,8.643381533847203002e+01,1.874480917108364864e+01,3.504443186351464123e-01,4.004030876779568482e-01,8.647063352151401716e+01,1.853873097427988270e+01,3.864070174009043845e-01,2.353822615575760779e-01,8.568436098046002769e+01,1.820368607170866326e+01,5.769999999999999574e-01,-3.899999999999999994e-02,5.789999961853027344e-01,1.828991062939167023e-02
8.663532674281225354e+01,1.718143601543306787e+01,5.573865671681201839e-01,-6.357045674124411905e-02,8.650927422325410987e+01,1.856226920043564022e+01,3.864070174009043845e-01,2.353822615575760779e-01,8.654029374867489821e+01,1.841248865468099893e+01,4.124243864995941755e-01,1.154474295272659434e-01,8.572733736033838170e+01,1.820187790567563724e+01,5.460000000000000409e-01,-8.599999999999999312e-02,5.529999732971191406e-01,1.135602444410324097e-01
8.290226721698061851e+01,1.770491705636965918e+01,5.694383963441468355e-01,-1.047898294281792431e-01,8.658153618732485768e+01,1.842403339763372472e+01,4.124243864995941755e-01,1.154474295272659434e-01,8.589911520677033252e+01,1.834235215080255088e+01,2.681593313467089401e-01,4.364778218996441528e-02,8.576034593556880736e+01,1.819766647987728092e+01,5.420000000000000373e-01,-1.069999999999999979e-01,5.529999732971191406e-01,1.819870471954345703e-01
8.441323721342573094e+01,2.319664747826051965e+01,5.436422268717077122e-01,-1.343619433926836748e-01,8.592593113990500342e+01,1.834671692902154660e+01,2.681593313467089401e-01,4.364778218996441528e-02,8.565449784987903570e+01,1.880282192880967074e+01,2.340520615013705896e-01,2.872121702697928436e-01,8.578713655426211915e+01,1.819244225159211226e+01,5.450000000000000400e-01,-1.390000000000000124e-01,5.619999766349792480e-01,2.422958463430404663e-01
8.413283896389609140e+01,1.918260551864003816e+01,5.192097006064451126e-01,-1.689298403533699977e-01,8.567790305602916590e+01,1.883154314583665112e+01,2.340520615013705896e-01,2.872121702697928436e-01,8.540082509083998730e+01,1.883930174701233895e+01,1.996665998431540467e-01,2.407070467460034613e-01,8.581770372338510811e+01,1.818417008017464198e+01,5.390000000000000346e-01,-1.600000000000000033e-01,5.619999766349792480e-01,3.145570755004882812e-01
8.427148961982625508e+01,1.884088124209272763e+01,2.278501257082920617e+00,-1.244044932349152699e+00,8.542079175082430709e+01,1.886337245168693855e+01,1.996665998431540467e-01,2.407070467460034613e-01,8.529555006869937017e+01,1.877660975370344332e+01,3.971610358164026078e-01,2.462692432926447128e-02,8.592304658880823354e+01,1.814432366092259841e+01,2.310000000000000053e+00,-1.108000000000000096e+00,2.562000036239624023e+00,4.997613430023193359e-01
8.581853952969356669e+01,1.409807975418164716e+01,4.277017389707912898e+00,-2.335220045499273755e+00,8.533526617228100974e+01,1.877907244613636806e+01,3.971610358164026078e-01,2.462692432926447128e-02,8.559386622815090107e+01,1.819460233788631243e+01,8.822161825875883823e-01,-5.767627869953579900e-01,8.624493074354192856e+01,1.791241676907855762e+01,3.225000000000000089e+00,-3.770999999999999908e+00,4.961999893188476562e+00,9.546825885772705078e-01
8.540181624855689790e+01,1.459653718636288211e+01,3.249928751923980563e+00,-4.589917202157836940e+00,8.568208784640965803e+01,1.813692605918677714e+01,8.822161825875883823e-01,-5.767627869953579900e-01,8.573215197227170847e+01,1.756790314010758891e+01,1.152738103861530972e+00,-1.354033495296790068e+00,8.651736497858092889e+01,1.737291367200408843e+01,7.920000000000000373e-01,-5.442000000000000171e+00,5.499000072479248047e+00,9.546825885772705078e-01
8.540181624855689790e+01,1.459653718636288211e+01,3.062785129829020958e-01,-5.319189619121924117e+00,8.584742578265786506e+01,1.743249979057791066e+01,1.152738103861530972e+00,-1.354033495296790068e+00,8.572728399988838532e+01,1.693393178903657414e+01,1.031841580222538468e+00,-2.085241843760204716e+00,8.651736497858092889e+01,1.737291367200408843e+01,-6.009999999999999787e-01,-5.466000000000000192e+00,5.499000072479248047e+00,1.513279914855957031e+00
8.978845477106008843e+01,1.713719482512467351e+01,-2.129492132829672979e+00,-5.080781664549380849e+00,8.583046815791064432e+01,1.672540760466055332e+01,1.031841580222538468e+00,-2.085241843760204716e+00,8.643495691115332136e+01,1.659431023120310655e+01,8.294415518376515584e-01,-2.495804440387099365e+00,8.650437974883689662e+01,1.685074837391759672e+01,-2.778000000000000025e+00,-4.879999999999999893e+00,5.614999771118164062e+00,1.967681884765625000e+00
9.029541349402555284e+01,1.644814161844515965e+01,-3.273321895200064002e+00,-4.275931621934719651e+00,8.651790106633708888e+01,1.634472978716439684e+01,8.294415518376515584e-01,-2.495804440387099365e+00,8.704780078808788346e+01,1.625324042645467415e+01,5.065442344406650976e-01,-2.747631372241600367e+00,8.624461412402609994e+01,1.627537186312385842e+01,-3.645000000000000018e+00,-3.967000000000000082e+00,5.387000083923339844e+00,2.224158048629760742e+00
8.423936629272333221e+01,1.538029007442855800e+01,-3.771158304235055603e+00,-3.722601748834002855e+00,8.709845521153195591e+01,1.597847728923051491e+01,5.065442344406650976e-01,-2.747631372241600367e+00,8.637756901575207280e+01,1.586541720321879190e+01,-1.313256106928856193e-01,-2.921919274721016535e+00,8.584020662272537550e+01,1.579093010614562331e+01,-3.834999999999999964e+00,-3.783999999999999808e+00,5.387000083923339844e+00,2.362673997879028320e+00
8.639018970665561881e+01,1.486008150682309470e+01,-3.939601226176802307e+00,-3.524391550224875047e+00,8.636443645468278874e+01,1.557322527574669024e+01,-1.313256106928856193e-01,-2.921919274721016535e+00,8.620429108769398852e+01,1.547033862101166690e+01,-5.852719509293344835e-01,-3.048693462770403428e+00,8.546244859692475870e+01,1.542521889291906056e+01,-4.032000000000000028e+00,-3.605999999999999872e+00,5.409999847412109375e+00,2.411765575408935547e+00
8.570265275234348223e+01,1.769132192254237523e+01,-4.276563595669021112e+00,-3.368699642087233936e+00,8.614576389260105316e+01,1.516546927473462603e+01,-5.852719509293344835e-01,-3.048693462770403428e+00,8.590285564457040834e+01,1.539005822684838876e+01,-1.046014102558440406e+00,-2.954732858472172818e+00,8.499222612380467012e+01,1.501042015657934492e+01,-4.355000000000000426e+00,-3.327999999999999847e+00,5.480999946594238281e+00,2.474389553070068359e+00
8.654510450354703721e+01,1.433292193520400026e+01,-4.648050891094116288e+00,-3.071101596965897240e+00,8.579825423431456954e+01,1.509458494100117143e+01,-1.046014102558440406e+00,-2.954732858472172818e+00,8.578212306677620802e+01,1.501473185398799082e+01,-1.443363220714823925e+00,-3.013866255203547784e+00,8.449088335027482799e+01,1.463246472009912758e+01,-4.488999999999999879e+00,-3.145000000000000018e+00,5.480999946594238281e+00,2.557712078094482422e+00
8.107460331848727719e+01,1.312600035765905560e+01,-4.596322219986131330e+00,-3.036922968510463061e+00,8.563778674470472652e+01,1.471334522846763626e+01,-1.443363220714823925e+00,-3.013866255203547784e+00,8.464640184242865928e+01,1.455943212000358855e+01,-2.022334964053015494e+00,-3.105349023243032303e+00,8.395253038395320289e+01,1.429540379213161749e+01,-4.889000000000000234e+00,-2.790000000000000036e+00,5.629000186920166016e+00,2.557712078094482422e+00
8.107460331848727719e+01,1.312600035765905560e+01,-4.967041497473461575e+00,-2.631375621423159394e+00,8.444416834602336053e+01,1.424889721767928563e+01,-2.022334964053015494e+00,-3.105349023243032303e+00,8.368540039725536417e+01,1.416795435805817149e+01,-2.523531464573765870e+00,-3.099124493882386755e+00,8.395253038395320289e+01,1.429540379213161749e+01,-5.076999999999999957e+00,-2.327999999999999847e+00,5.585000038146972656e+00,2.654415845870971680e+00
8.498700988300637960e+01,1.923223383559901833e+01,-5.012820014335516383e+00,-2.174151320265223841e+00,8.343304725079798345e+01,1.385804190866993224e+01,-2.523531464573765870e+00,-3.099124493882386755e+00,8.361631201687534087e+01,1.442739423304442070e+01,-2.752144501691718759e+00,-2.666855031002735910e+00,8.347351121882401515e+01,1.404971916785485142e+01,-5.225999999999999979e+00,-1.971999999999999975e+00,5.585000038146972656e+00,2.732360839843750000e+00
8.351642715921406079e+01,1.795081026716045258e+01,-2.796867997084197643e+00,-1.492122612451754593e+00,8.334109756670616775e+01,1.416070872994414742e+01,-2.752144501691718759e+00,-2.666855031002735910e+00,8.337200398806032808e+01,1.459200574704438047e+01,-2.749720099281051766e+00,-2.286413429626532157e+00,8.290004777838221628e+01,1.382034905071078335e+01,-2.479000000000000092e+00,-2.000000000000000000e+00,3.184999942779541016e+00,2.651507377624511719e+00
8.144939362982347575e+01,1.723419554345951710e+01,-1.066629612005150163e+00,-1.749486316724379042e+00,8.309703197813222175e+01,1.436336440408172699e+01,-2.749720099281051766e+00,-2.286413429626532157e+00,8.286129585070015935e+01,1.466994552940518659e+01,-2.621598184132543086e+00,-2.049304802342144960e+00,8.259164476384799514e+01,1.360958321186448572e+01,-1.153999999999999915e+00,-1.614999999999999991e+00,1.985000014305114746e+00,2.118304252624511719e+00
8.265492933996142710e+01,1.532839484396607688e+01,-1.176566721912962882e-01,-2.911235374834060807e-01,8.259913603228690704e+01,1.446501504917097236e+01,-2.621598184132543086e+00,-2.049304802342144960e+00,8.271805510556708896e+01,1.464819642266124156e+01,-2.319905942736000704e+00,-1.746966472516293223e+00,8.254246950130573168e+01,1.352858669858954599e+01,-1.209999999999999964e-01,-2.999999999999999889e-01,3.240000009536743164e-01,1.954872488975524902e+00
8.327277475558943820e+01,1.420508171396914854e+01,-1.142755067162767729e-01,-3.885435748154039692e-01,8.248606451129349182e+01,1.447349977540961241e+01,-2.319905942736000704e+00,-1.746966472516293223e+00,8.272898085465668316e+01,1.452509774536573595e+01,-2.021474877788811852e+00,-1.565319556589104710e+00,8.253524064998450172e+01,1.350902206982342868e+01,-1.170000000000000068e-01,-3.970000000000000195e-01,4.140000045299530029e-01,1.856842994689941406e+00
8.290286147581380760e+01,1.499883778193726869e+01,-8.098156686066590448e-02,-3.825218789555286381e-01,8.252683336687779558e+01,1.436856578970682463e+01,-2.021474877788811852e+00,-1.565319556589104710e+00,8.268133288062917075e+01,1.449655225176924134e+01,-1.772924895581280413e+00,-1.359179089840480525e+00,8.252938127453830930e+01,1.348763020238649801e+01,-8.500000000000000611e-02,-4.010000000000000231e-01,4.099999964237213135e-01,1.779420375823974609e+00
7.896128940540488372e+01,1.194581551651388196e+01,-6.151269485911303042e-02,-4.134491491526137152e-01,8.250404039107104381e+01,1.436063434278519324e+01,-1.772924895581280413e+00,-1.359179089840480525e+00,8.191452731220623207e+01,1.418237308462317792e+01,-1.725390864270863522e+00,-1.356436905215115729e+00,8.252597093522183513e+01,1.347050888734849572e+01,-7.099999999999999367e-02,-4.040000000000000258e-01,4.099999964237213135e-01,1.718492269515991211e+00
7.896128940540488372e+01,1.194581551651388196e+01,-6.475020280659454786e-02,-4.352096151722998907e-01,8.174198822577915280e+01,1.404672939410166599e+01,-1.725390864270863522e+00,-1.356436905215115729e+00,8.129302794942830701e+01,1.389724922779194749e+01,-1.650157530430693464e+00,-1.339808631237341618e+00,8.252597093522183513e+01,1.347050888734849572e+01,-7.499999999999999722e-02,-5.610000000000000542e-01,5.659999847412109375e-01,1.718492269515991211e+00
8.380732214444554984e+01,1.417494387813090739e+01,-2.838989600693382978e-02,-4.150301446230488245e-01,8.112801219638524231e+01,1.376326836466821391e+01,-1.650157530430693464e+00,-1.339808631237341618e+00,8.170016942537139926e+01,1.385553824284540347e+01,-1.337636875033126005e+00,-1.183140233110646866e+00,8.252123308160541626e+01,1.343391831061539143e+01,-1.099999999999999936e-02,-4.189999999999999836e-01,4.189999997615814209e-01,1.639094352722167969e+00
8.287098628249012222e+01,1.043653853072265214e+01,-2.796376736251373393e-03,-4.099904600653537790e-01,8.156640573786808091e+01,1.373722421953433859e+01,-1.337636875033126005e+00,-1.183140233110646866e+00,8.186861113291953984e+01,1.346396663846579678e+01,-1.120318072000778375e+00,-1.254561917092644752e+00,8.252003526664772437e+01,1.341139538490246430e+01,1.000000000000000021e-03,-4.189999999999999836e-01,4.189999997615814209e-01,1.577616810798645020e+00
8.450531005826748299e+01,1.163658137426874539e+01,3.203001498972969652e-02,-6.291852446868168025e-01,8.175657932571945707e+01,1.333851044675653164e+01,-1.120318072000778375e+00,-1.254561917092644752e+00,8.232140621715312534e+01,1.321052923524281120e+01,-8.608168407707805780e-01,-1.258584770920976315e+00,8.252018785448017013e+01,1.338852913488703322e+01,2.000000000000000042e-02,-5.320000000000000284e-01,5.320000052452087402e-01,1.519933104515075684e+00
8.084660065180847255e+01,1.208256287699179055e+01,7.159841791767715402e-02,-5.342233983157907984e-01,8.223532453307605294e+01,1.308467075815071290e+01,-8.608168407707805780e-01,-1.258584770920976315e+00,8.201557152013951679e+01,1.302960693808281967e+01,-8.109278423120298562e-01,-1.209423682916598741e+00,8.252324724193967143e+01,1.334682591107584138e+01,8.699999999999999400e-02,-5.380000000000000338e-01,5.450000166893005371e-01,1.437566876411437988e+00
7.894986724788040533e+01,1.263370688135132625e+01,1.168438056551310278e-01,-5.446067428552084921e-01,8.193447873590831421e+01,1.290866456979115995e+01,-8.109278423120298562e-01,-1.209423682916598741e+00,8.141557337483888546e+01,1.292011249446732180e+01,-8.323074295602689299e-01,-1.128498886303405335e+00,8.252938127453830930e+01,1.330649120952159059e+01,1.069999999999999979e-01,-5.350000000000000311e-01,5.450000166893005371e-01,1.359453082084655762e+00
8.052807188036558728e+01,1.433377213565716701e+01,1.994768784602054257e-01,-6.479914650291829226e-01,8.133234263188285240e+01,1.280726260583698206e+01,-8.323074295602689299e-01,-1.128498886303405335e+00,8.122637740788972849e+01,1.298139264832330575e+01,-7.446467879344162988e-01,-9.742050752119735257e-01,8.253718233101952251e+01,1.327257473591543402e+01,1.849999999999999978e-01,-6.390000000000000124e-01,6.660000085830688477e-01,1.272163629531860352e+00
8.378542363604677234e+01,1.799187643717739959e+01,1.785495515807375144e-01,-4.541630356846953487e-01,8.115191272909628140e+01,1.288397214080210773e+01,-7.446467879344162988e-01,-9.742050752119735257e-01,8.168522939494071977e+01,1.340465211691078018e+01,-5.176344849964449324e-01,-6.153129392093298344e-01,8.255238771435629985e+01,1.322477562583963362e+01,1.710000000000000131e-01,-4.359999999999999987e-01,4.679999947547912598e-01,1.196217894554138184e+00
7.937349820125550082e+01,1.288393260376283322e+01,1.778177896487072307e-01,-4.523017080167896498e-01,8.163346594644107768e+01,1.334312082298984770e+01,-5.176344849964449324e-01,-6.153129392093298344e-01,8.124024139934650179e+01,1.330826508588953594e+01,-5.346672305299789985e-01,-6.172257055920822300e-01,8.256324815750870982e+01,1.319848950007972377e+01,1.859999999999999987e-01,-4.299999999999999933e-01,4.679999947547912598e-01,1.196217894554138184e+00
7.937349820125550082e+01,1.288393260376283322e+01,2.077675867286228883e-01,-4.393502376184873492e-01,8.118677467629350986e+01,1.324654251533032756e+01,-5.346672305299789985e-01,-6.172257055920822300e-01,8.087926222791166708e+01,1.322181828826600025e+01,-5.262927192512449892e-01,-6.116246632564326102e-01,8.256324815750870982e+01,1.319848950007972377e+01,2.109999999999999931e-01,-4.460000000000000075e-01,4.939999878406524658e-01,1.129064917564392090e+00
8.188468122418036899e+01,1.266017819764920027e+01,1.747144604320673089e+00,-2.791296225508316908e+00,8.082663295598653974e+01,1.316065582194035777e+01,-5.262927192512449892e-01,-6.116246632564326102e-01,8.112331526517402835e+01,1.298834570737216865e+01,-2.077357872467144873e-01,-9.547968297958875361e-01,8.257820939984058839e+01,1.316813690781518353e+01,2.162999999999999812e+00,-2.483999999999999986e+00,3.293999910354614258e+00,1.011531472206115723e+00
8.451210629938722718e+01,1.434196717928916698e+01,3.417713547319022993e+00,-2.964086980361542611e+00,8.110254168644935646e+01,1.289286602439258012e+01,-2.077357872467144873e-01,-9.547968297958875361e-01,8.189829150219196663e+01,1.291768685889482526e+01,3.765815941098469288e-01,-1.165054412260924543e+00,8.272082567214530968e+01,1.296730740211626909e+01,3.619000000000000217e+00,-2.664000000000000146e+00,4.493999958038330078e+00,7.144362330436706543e-01
8.572504925705770518e+01,1.413403983265229513e+01,5.433165899457012671e+00,-8.926056077906858732e-01,8.193594966160294746e+01,1.280118141766873308e+01,3.765815941098469288e-01,-1.165054412260924543e+00,8.286479116896774144e+01,1.294483972927550752e+01,1.148736222099323800e+00,-1.051618555515748898e+00,8.316518831203468665e+01,1.268741066605440082e+01,5.490999999999999659e+00,-3.689999999999999947e-01,5.502999782562255859e+00,1.628337055444717407e-01
8.739600872940837917e+01,1.337706012850087234e+01,5.294604144786938527e+00,1.969357724319477088e+00,8.297966479117766880e+01,1.283967787372393232e+01,1.148736222099323800e+00,-1.051618555515748898e+00,8.398655438631702452e+01,1.306347298172775417e+01,1.839853750129613941e+00,-5.846673018341541628e-01,8.368532991377438179e+01,1.265060455906791148e+01,5.030000000000000249e+00,2.355999999999999872e+00,5.553999900817871094e+00,-3.560989499092102051e-01
8.214980936013058965e+01,1.234693802764157944e+01,4.054762291839714372e+00,3.991867158090756096e+00,8.417053976132999082e+01,1.300500625154433898e+01,1.839853750129613941e+00,-5.846673018341541628e-01,8.388795148010946434e+01,1.320251177897176298e+01,2.014996032787130353e+00,4.097576632516097828e-02,8.426574754680835611e+01,1.289559109296862793e+01,4.277000000000000135e+00,3.544000000000000039e+00,5.553999900817871094e+00,-7.775819897651672363e-01
8.582867085914355698e+01,1.600782282445468852e+01,1.982498948560359020e+00,5.021842364248955803e+00,8.408945108338818386e+01,1.320660935560427873e+01,2.014996032787130353e+00,4.097576632516097828e-02,8.441384438169879445e+01,1.375971148045131009e+01,2.088177358875194845e+00,9.172192564300803985e-01,8.465327501244406960e+01,1.337020142213042462e+01,2.315999999999999837e+00,4.945999999999999730e+00,5.461999893188476562e+00,-1.194802165031433105e+00
8.319850158679265917e+01,1.114548285132053529e+01,2.048227250862926230e+00,5.188337874005916284e+00,8.462266211758631584e+01,1.385143340609431739e+01,2.088177358875194845e+00,9.172192564300803985e-01,8.435414927819564923e+01,1.383466337402814972e+01,2.020298875941270556e+00,1.384950507724095781e+00,8.483322954169567254e+01,1.396926624869632505e+01,6.089999999999999858e-01,5.491999999999999993e+00,5.526000022888183594e+00,-1.194802165031433105e+00
8.328482913917123653e+01,1.426981697830756524e+01,4.118381393852630357e-01,5.622938153313733700e+00,8.455617916578977145e+01,1.397315842480055892e+01,2.020298875941270556e+00,1.384950507724095781e+00,8.424834583161998580e+01,1.424315633308031614e+01,1.771755002209643326e+00,2.014625506154006374e+00,8.485698366141966176e+01,1.449365646916777628e+01,6.900000000000000577e-02,5.525000000000000355e+00,5.526000022888183594e+00,-1.497684359550476074e+00
8.328482913917123653e+01,1.426981697830756524e+01,-2.498933497822133365e-01,5.624451493464885488e+00,8.442552133184095453e+01,1.444461888369571767e+01,1.771755002209643326e+00,2.014625506154006374e+00,8.412426484500805657e+01,1.463350058475592519e+01,1.479624808142558479e+00,2.527230164666175227e+00,8.485698366141966176e+01,1.449365646916777628e+01,-3.709999999999999964e-01,5.536999999999999922e+00,5.550000190734863281e+00,-1.615196943283081055e+00
8.498902171783535664e+01,1.610737593249189104e+01,-2.801861739825459163e-01,5.465823382687444720e+00,8.427222732582231401e+01,1.488622360122254307e+01,1.479624808142558479e+00,2.527230164666175227e+00,8.433026877332299875e+01,1.517105877299571581e+01,1.301089188353597326e+00,3.020231632784393216e+00,8.482337236409340164e+01,1.511407787898480315e+01,-2.839999999999999747e-01,5.541999999999999815e+00,5.550000190734863281e+00,-1.622012972831726074e+00
8.472000897665515140e+01,1.166700966442088294e+01,5.659263647715515599e-01,5.568315518728401692e+00,8.446037769215836022e+01,1.547308193627415562e+01,1.301089188353597326e+00,3.020231632784393216e+00,8.447716706268639086e+01,1.525237398757074558e+01,1.224741760205348307e+00,3.177563476120598640e+00,8.480793809821965112e+01,1.574785263660392154e+01,5.570000000000000506e-01,5.464000000000000412e+00,5.492000102996826172e+00,-1.469510793685913086e+00
8.472437496463314233e+01,1.853366191523888062e+01,1.902287418321682910e+00,4.759955654734377539e+00,8.459964123870692276e+01,1.557013033518280487e+01,1.224741760205348307e+00,3.177563476120598640e+00,8.465235751455070101e+01,1.594519334800817312e+01,1.311235147937473533e+00,3.571089871942742189e+00,8.488727235798491222e+01,1.626983101533474851e+01,2.242999999999999883e+00,4.636000000000000121e+00,5.150000095367431641e+00,-1.190596938133239746e+00
8.666552627083336802e+01,1.557476682856172445e+01,3.041157794071149834e+00,2.751283136080665326e+00,8.478348102934444341e+01,1.630230233520244809e+01,1.311235147937473533e+00,3.571089871942742189e+00,8.521097501088667059e+01,1.618564851050813402e+01,1.601353538186724101e+00,3.412070023398012797e+00,8.514178132944535093e+01,1.676117355908971618e+01,2.503000000000000114e+00,3.056000000000000050e+00,3.950000047683715820e+00,-7.353962659835815430e-01
8.661505949438964080e+01,1.989509708976735070e+01,5.369884092812172938e+00,7.426882731817786576e-01,8.537111036470534486e+01,1.652685551284793419e+01,1.601353538186724101e+00,3.412070023398012797e+00,8.576738225598099064e+01,1.669856112375529733e+01,2.106810788919777799e+00,3.212874272801955922e+00,8.556768083530222668e+01,1.703786308857071674e+01,5.009999999999999787e+00,1.889999999999999902e+00,5.354000091552734375e+00,-1.374343186616897583e-01
8.639830529679265680e+01,1.699221966276619966e+01,2.840747113200237539e+00,-1.042512339190191595e+00,8.597806333487297081e+01,1.701984855103549421e+01,2.106810788919777799e+00,3.212874272801955922e+00,8.608857874886838601e+01,1.677472241546576015e+01,2.213136790188053649e+00,2.595621243384266918e+00,8.595457887652325724e+01,1.705858833891311832e+01,2.847999999999999865e+00,-7.850000000000000311e-01,2.953999996185302734e+00,3.517256081104278564e-01
8.630310691844961468e+01,1.364713223167275835e+01,5.191450977730704963e-01,-1.905186025688924145e-01,8.630989242788719196e+01,1.703428453980418666e+01,2.213136790188053649e+00,2.595621243384266918e+00,8.623523977625795567e+01,1.654990775635379663e+01,2.010404771744005004e+00,2.004398619118297198e+00,8.614355134951034643e+01,1.697874863242809695e+01,4.550000000000000155e-01,-3.160000000000000031e-01,5.540000200271606445e-01,3.517256081104278564e-01
8.630310691844961468e+01,1.364713223167275835e+01,3.588727323388102852e-01,-2.580200834412135769e-01,8.643628025343235777e+01,1.675034761826562502e+01,2.010404771744005004e+00,2.004398619118297198e+00,8.633979117763442446e+01,1.632310849889937288e+01,1.807146429108664520e+00,1.504721320976785348e+00,8.614355134951034643e+01,1.697874863242809695e+01,3.649999999999999911e-01,-2.770000000000000240e-01,4.580000042915344238e-01,6.233468651771545410e-01
8.783393931334254034e+01,1.534281845285702950e+01,6.892231213760229291e-01,-5.803210578681420317e-01,8.652050582054529571e+01,1.647358063099705205e+01,1.807146429108664520e+00,1.504721320976785348e+00,8.671811901749957485e+01,1.624607006018112543e+01,1.731753178224730405e+00,1.140240949195429287e+00,8.616881227447390756e+01,1.695988686252097821e+01,6.959999999999999520e-01,-6.169999999999999929e-01,9.300000071525573730e-01,6.998271942138671875e-01
8.535696578022842118e+01,1.662679327872588431e+01,2.305609896088315569e+00,-2.426225716668657828e+00,8.689129433532204416e+01,1.636009415510066844e+01,1.731753178224730405e+00,1.140240949195429287e+00,8.662873348917835870e+01,1.618251758492717940e+01,1.732342835919779889e+00,6.390131542923173091e-01,8.620883226391615040e+01,1.692443878842295746e+01,1.895000000000000018e+00,-2.738999999999999879e+00,3.329999923706054688e+00,8.108829259872436523e-01
8.759414529743776257e+01,1.462206323276237896e+01,1.676084014793070898e+00,-4.244020878888360215e+00,8.680196777277033959e+01,1.624641890035641012e+01,1.732342835919779889e+00,6.390131542923173091e-01,8.694792613541117987e+01,1.581202841767537137e+01,1.760721263099425338e+00,-1.577228363772287256e-01,8.639066743796615810e+01,1.668807633092348297e+01,1.663999999999999924e+00,-4.214000000000000412e+00,4.530000209808349609e+00,1.194669723510742188e+00
8.722227007083391470e+01,1.667794622267479099e+01,-1.463275706593998526e+00,-5.328742859197846293e+00,8.712399826172112682e+01,1.579625613403764817e+01,1.760721263099425338e+00,-1.577228363772287256e-01,8.700274770600483976e+01,1.558637496473902395e+01,1.379809287913731142e+00,-8.569650637902239687e-01,8.650482606848329681e+01,1.613556702254773967e+01,-1.445000000000000062e+00,-5.266000000000000014e+00,5.460000038146972656e+00,1.838791131973266602e+00
8.654230169893988034e+01,1.394794948260136458e+01,-4.378787127321780659e+00,-3.711309831587447761e+00,8.714072863479621844e+01,1.550067845836000124e+01,1.379809287913731142e+00,-8.569650637902239687e-01,8.677917271111465425e+01,1.518876761587870483e+01,6.651429818813100470e-01,-1.356189229656492135e+00,8.631769227950782408e+01,1.565190155647793446e+01,-4.301999999999999602e+00,-3.646999999999999797e+00,5.640999794006347656e+00,2.438513517379760742e+00
8.478257620296967900e+01,1.579729164931874763e+01,-5.393944641285651542e+00,-1.085063874443592091e+00,8.684568700930277885e+01,1.505314869291305513e+01,6.651429818813100470e-01,-1.356189229656492135e+00,8.619674086574354988e+01,1.514013545362510449e+01,-1.503319544396380936e-01,-1.275636751427666749e+00,8.581130266129137851e+01,1.526776917081692986e+01,-5.203000000000000291e+00,-2.177999999999999936e+00,5.640999794006347656e+00,2.943078756332397461e+00
8.478257620296967900e+01,1.579729164931874763e+01,-5.329240847501726108e+00,-1.072047843719619031e+00,8.618170767029958768e+01,1.501257177848233759e+01,-1.503319544396380936e-01,-1.275636751427666749e+00,8.569527031478878598e+01,1.509961120284524760e+01,-8.312049911606017583e-01,-1.202602959346186218e+00,8.581130266129137851e+01,1.526776917081692986e+01,-5.421999999999999709e+00,-6.009999999999999787e-01,5.454999923706054688e+00,2.943078756332397461e+00
8.662308657106555643e+01,1.704022629437326941e+01,-5.521871671778489699e+00,1.503882577872872606e+00,8.561214981567272275e+01,1.497935090691062854e+01,-8.312049911606017583e-01,-1.202602959346186218e+00,8.559833085314488699e+01,1.533168743496845643e+01,-1.346943305933326451e+00,-6.965549681865399467e-01,8.468388795854743023e+01,1.538986618718607779e+01,-5.017000000000000348e+00,2.524999999999999911e+00,5.616000175476074219e+00,-2.875691652297973633e+00
8.662308657106555643e+01,1.704022629437326941e+01,-5.069094578099515580e+00,2.932066768133668511e+00,8.546363652255155330e+01,1.526203193814980175e+01,-1.346943305933326451e+00,-6.965549681865399467e-01,8.551959280308891209e+01,1.563973584431623998e+01,-1.740363789116759818e+00,-7.277912455770130240e-02,8.468388795854743023e+01,1.538986618718607779e+01,-4.801000000000000156e+00,2.914000000000000146e+00,5.616000175476074219e+00,-2.617191791534423828e+00
8.406151690309104652e+01,1.719924039980231001e+01,-1.795678317851003847e+00,2.537995306769024850e+00,8.534555642417723220e+01,1.563245793186047017e+01,-1.740363789116759818e+00,-7.277912455770130240e-02,8.510262632173423469e+01,1.593184127709579734e+01,-1.803869561569479529e+00,3.919828580565097309e-01,8.415085268023615583e+01,1.570788796026866407e+01,-1.020000000000000018e+00,3.049999999999999822e+00,3.216000080108642578e+00,-2.186550378799438477e+00
8.545947349050675257e+01,1.523311491131693174e+01,6.672739816979779415e-02,8.363422935196882513e-01,8.492223936557728337e+01,1.597103956290144744e+01,-1.803869561569479529e+00,3.919828580565097309e-01,8.510390913216443209e+01,1.592541860333128412e+01,-1.556529138252682909e+00,4.153003395851534441e-01,8.398479890772327394e+01,1.603975136474957353e+01,1.529999999999999971e-01,8.020000000000000462e-01,8.159999847412109375e-01,-1.491180181503295898e+00
8.520231354234378784e+01,1.600263583562744074e+01,-8.328856440585580279e-02,-3.707600456026097224e-01,8.494825621833916784e+01,1.596694863728979996e+01,-1.556529138252682909e+00,4.153003395851534441e-01,8.505966664672439492e+01,1.592559005439022002e+01,-1.369220195200658852e+00,3.035457322823941206e-01,8.399280214284598856e+01,1.613722450840151623e+01,-8.999999999999999667e-02,-3.729999999999999982e-01,-3.840000033378601074e-01,-1.349821925163269043e+00
8.050381326631254808e+01,1.575647784657125960e+01,8.526118905602550480e-02,3.795412079442952447e-01,8.492274462720432382e+01,1.595594462761845911e+01,-1.369220195200658852e+00,3.035457322823941206e-01,8.415797029650121885e+01,1.594109908349556548e+01,-1.391212792639520801e+00,3.034650750470344049e-01,8.399432420734179061e+01,1.614348061181128102e+01,9.199999999999999845e-02,3.790000000000000036e-01,3.899999856948852539e-01,-1.349821925163269043e+00
8.371065708962454721e+01,1.710420782654500016e+01,2.485970071034835915e-01,5.184828968732935195e-01,8.401884901723727239e+01,1.597144559100026839e+01,-1.391212792639520801e+00,3.034650750470344049e-01,8.403215112499239581e+01,1.609259527113998089e+01,-1.208912119184487377e+00,3.974796334101696194e-01,8.401186037052866595e+01,1.619397003785606870e+01,2.590000000000000080e-01,5.420000000000000373e-01,6.010000109672546387e-01,-1.123707175254821777e+00
8.561990797510438256e+01,1.826788194363057016e+01,2.615672994040771915e-01,5.455342069580757514e-01,8.391125991307394827e+01,1.613234323448099872e+01,-1.208912119184487377e+00,3.974796334101696194e-01,8.429503335172006473e+01,1.634607926204297712e+01,-9.574803121602043499e-01,5.374902294006979053e-01,8.403140687943282217e+01,1.623158867492740853e+01,2.959999999999999853e-01,5.230000000000000204e-01,6.010000109672546387e-01,-1.123707175254821777e+00
8.386352451087141446e+01,1.589028169045847427e+01,1.095345918596204310e-01,1.685324158696956398e-01,8.419928532050404613e+01,1.639982828498304812e+01,-9.574803121602043499e-01,5.374902294006979053e-01,8.418261031978731523e+01,1.632981998795482426e+01,-8.448499828783988530e-01,4.558095565393496806e-01,8.404495286890927730e+01,1.625199349097950474e+01,1.199999999999999956e-01,1.660000000000000087e-01,2.049999982118606567e-01,-9.944689869880676270e-01
8.386352451087141446e+01,1.589028169045847427e+01,3.208975524329212292e-01,4.318202722227899581e-01,8.409812532149948083e+01,1.637540094360875997e+01,-8.448499828783988530e-01,4.558095565393496806e-01,8.410467718672813930e+01,1.632739712134916488e+01,-7.159387493174641515e-01,4.253994099601557943e-01,8.404495286890927730e+01,1.625199349097950474e+01,1.229999999999999982e-01,1.640000000000000069e-01,2.049999982118606567e-01,-9.317080974578857422e-01
8.529960441586382558e+01,1.755231971922826162e+01,3.502540542513034039e-01,4.175489380562030228e-01,8.403308331179638913e+01,1.636993706234517987e+01,-7.159387493174641515e-01,4.253994099601557943e-01,8.431652171135377216e+01,1.648315806398159467e+01,-5.324096533782536333e-01,4.899222599413315948e-01,8.405447053850551242e+01,1.626430733279024921e+01,3.529999999999999805e-01,4.089999999999999747e-01,5.400000214576721191e-01,-8.728207945823669434e-01
8.363446971780557249e+01,1.359736998180899015e+01,3.804315255848244592e-01,3.846464137725498778e-01,8.426328074601595119e+01,1.653215028997572844e+01,-5.324096533782536333e-01,4.899222599413315948e-01,8.418503122082699974e+01,1.624401671027343852e+01,-4.511880608111324409e-01,3.117187992273086627e-01,8.407836961682799881e+01,1.629161675169946122e+01,3.750000000000000000e-01,3.689999999999999947e-01,5.260000228881835938e-01,-7.909072041511535645e-01
8.296183180762437814e+01,1.470927972932098271e+01,3.033525683058667655e-01,2.698392295720474232e-01,8.413991241474589344e+01,1.627518859019616926e+01,-4.511880608111324409e-01,3.117187992273086627e-01,8.395191305628908651e+01,1.612226371387680501e+01,-4.132214221125833364e-01,2.187028821118838229e-01,8.409934282243851555e+01,1.631228096675408423e+01,3.140000000000000013e-01,2.670000000000000151e-01,4.120000004768371582e-01,-7.269967198371887207e-01
8.508120030143182078e+01,1.737672526988850308e+01,3.313127117487739137e-01,2.597554431492224980e-01,8.391059091407782944e+01,1.614413400208799487e+01,-4.132214221125833364e-01,2.187028821118838229e-01,8.416212871692236774e+01,1.626496827992178140e+01,-2.723802548942166335e-01,2.930897193056344330e-01,8.411880159357549758e+01,1.632916863130348162e+01,3.220000000000000084e-01,2.570000000000000062e-01,4.120000004768371582e-01,-6.649201512336730957e-01
8.588189852197622542e+01,1.306967694958501802e+01,8.639457359649508339e-01,5.459685647456246071e-01,8.413489069143294330e+01,1.629427725185234621e+01,-2.723802548942166335e-01,2.930897193056344330e-01,8.451137481258146522e+01,1.599868933126458259e+01,-5.917993457445475114e-02,1.506142814900069682e-01,8.415723848307365529e+01,1.635756142236513710e+01,8.980000000000000204e-01,5.969999999999999751e-01,1.077999949455261230e+00,-5.635798573493957520e-01
8.581026172570878430e+01,1.917043454756630894e+01,3.296175049029364423e+00,1.131571612835078344e+00,8.450545681912402074e+01,1.601375075941358261e+01,-5.917993457445475114e-02,1.506142814900069682e-01,8.489523034148783154e+01,1.637311296379640879e+01,3.995995105198383857e-01,4.678440080648674781e-01,8.430062913839155669e+01,1.643727715217545082e+01,3.290000000000000036e+00,1.127999999999999892e+00,3.477999925613403320e+00,-3.306921422481536865e-01
8.536346811058855621e+01,1.462170131331739320e+01,4.172002248800083635e+00,1.432241687169032440e+00,8.493519029253981500e+01,1.641989736460289606e+01,3.995995105198383857e-01,4.678440080648674781e-01,8.517883350274880172e+01,1.630197879615434786e+01,8.693771429570409381e-01,5.075288622555027551e-01,8.474969530113283156e+01,1.652233536347206666e+01,4.655999999999999694e+00,4.510000000000000120e-01,4.677999973297119141e+00,-3.306921422481536865e-01
8.536346811058855621e+01,1.462170131331739320e+01,5.113999029876216795e+00,-1.095405916513954470e+00,8.526577121704450235e+01,1.635273168237989694e+01,8.693771429570409381e-01,5.075288622555027551e-01,8.546794396356573031e+01,1.609498462493710136e+01,1.380936762012783259e+00,1.794719991757428579e-01,8.474969530113283156e+01,1.652233536347206666e+01,4.306000000000000050e+00,-2.629999999999999893e+00,5.045000076293945312e+00,2.110090106725692749e-01
8.575004982948543386e+01,1.681220300385922428e+01,2.823100552980719602e+00,-3.194256152116214054e+00,8.560603763976700975e+01,1.611293182485467668e+01,1.380936762012783259e+00,1.794719991757428579e-01,8.569548755028915821e+01,1.598792270976173668e+01,1.559655948773615464e+00,-2.698470420767467015e-01,8.530060243602001435e+01,1.630917580312036819e+01,1.963000000000000078e+00,-3.765000000000000124e+00,4.244999885559082031e+00,8.470009565353393555e-01
8.634378266333285978e+01,1.623269593607952288e+01,1.627586024767424089e+00,-5.316442710656278159e+00,8.585145314516651638e+01,1.596093800555406261e+01,1.559655948773615464e+00,-2.698470420767467015e-01,8.594662189323219081e+01,1.569951067246574361e+01,1.589588655534402095e+00,-9.849561768514664140e-01,8.552075624407686405e+01,1.601643974877851306e+01,1.058000000000000052e+00,-5.341999999999999638e+00,5.445000171661376953e+00,1.273714303970336914e+00
8.546710008363967859e+01,1.326920731218941718e+01,-1.570936802630184648e+00,-5.315732218137654286e+00,8.610558075878563500e+01,1.560101505478059636e+01,1.589588655534402095e+00,-9.849561768514664140e-01,8.584906683435396246e+01,1.513008110435716702e+01,1.183616046820598511e+00,-1.741070500367926099e+00,8.559931993465762901e+01,1.542998344979973879e+01,-1.947999999999999954e+00,-4.991999999999999993e+00,5.357999801635742188e+00,1.858143448829650879e+00
8.374833714933875228e+01,1.194794590647409827e+01,-3.982545720792053601e+00,-4.380151879229900125e+00,8.596742843903602704e+01,1.495597405432037519e+01,1.183616046820598511e+00,-1.741070500367926099e+00,8.532794350413527695e+01,1.451642368555046581e+01,4.679339202889222227e-01,-2.289961899511149923e+00,8.535804414698648657e+01,1.486765892644959841e+01,-4.028999999999999915e+00,-3.887999999999999901e+00,5.598999977111816406e+00,2.308685064315795898e+00
8.462071186292004654e+01,1.821583612098255855e+01,-4.731469187505480178e+00,-2.564980116725082748e+00,8.537473689616416550e+01,1.428742749559935099e+01,4.679339202889222227e-01,-2.289961899511149923e+00,8.500825694561318358e+01,1.464941451475872825e+01,-1.868035430563682597e-01,-2.111606748853343873e+00,8.497830247857577035e+01,1.449865181544728898e+01,-4.623999999999999666e+00,-3.157999999999999918e+00,5.598999977111816406e+00,2.644826650619506836e+00
8.279102230033016951e+01,1.068381650637500613e+01,-4.761924227039103563e+00,-1.314411739629625320e+00,8.498957659130755360e+01,1.443825383987339350e+01,-1.868035430563682597e-01,-2.111606748853343873e+00,8.437954191200343246e+01,1.412274494613601483e+01,-8.309464952987980491e-01,-2.204746516087753960e+00,8.441868638944664838e+01,1.421742756478785275e+01,-4.884000000000000341e+00,-1.300000000000000044e+00,5.053999900817871094e+00,2.872273445129394531e+00
8.491603487666910155e+01,1.640244443495073057e+01,-2.512059542026014558e+00,-6.933920817006943293e-01,8.429644726247354924e+01,1.390227029452723961e+01,-8.309464952987980491e-01,-2.204746516087753960e+00,8.433968844981561119e+01,1.422874075603867361e+01,-1.004384968204063977e+00,-1.847229332002501501e+00,8.399770021431712053e+01,1.404729969654150246e+01,-1.905999999999999917e+00,-1.846999999999999975e+00,2.654000043869018555e+00,2.872273445129394531e+00
8.300802510942034473e+01,1.388681846672144715e+01,-9.137807626465375144e-01,-1.085617705142778222e+00,8.423924995299520901e+01,1.404401782283842337e+01,-1.004384968204063977e+00,-1.847229332002501501e+00,8.401253442380608760e+01,1.407230175906899738e+01,-1.048113293343894581e+00,-1.745759931943356769e+00,8.389815568889189024e+01,1.392088921272087276e+01,-7.489999999999999991e-01,-1.245999999999999996e+00,1.453999996185302734e+00,2.270460844039916992e+00
8.300802510942034473e+01,1.388681846672144715e+01,5.818831084476966398e-02,1.339033974717163122e-01,8.390772309447169164e+01,1.389772576587466091e+01,-1.048113293343894581e+00,-1.745759931943356769e+00,8.378710986524328064e+01,1.400377957211375524e+01,-9.557762381161685195e-01,-1.474394095911911062e+00,8.389815568889189024e+01,1.392088921272087276e+01,6.199999999999999956e-02,1.320000000000000062e-01,-1.459999978542327881e-01,1.980731725692749023e+00
8.343265479794595763e+01,1.538171644349512057e+01,-1.607620396098802529e-01,-3.651801717900387545e-01,8.369153224143165914e+01,1.385634016252256373e+01,-9.557762381161685195e-01,-1.474394095911911062e+00,8.367747676977209892e+01,1.406618467660021388e+01,-8.722431911350982947e-01,-1.229194654145669086e+00,8.389638948417949393e+01,1.391758091559542443e+01,-1.380000000000000115e-01,-3.619999999999999885e-01,3.880000114440917969e-01,1.985493063926696777e+00
8.633657956126748445e+01,1.085765702874903482e+01,-1.260599699594265044e-01,-3.775087886289245076e-01,8.359025245065858201e+01,1.394326521118564699e+01,-8.722431911350982947e-01,-1.229194654145669086e+00,8.413703453974031277e+01,1.369515905071420647e+01,-6.613850088260564419e-01,-1.277309381018831624e+00,8.388755845982926473e+01,1.389638550448006526e+01,-1.229999999999999982e-01,-3.679999999999999938e-01,3.880000114440917969e-01,1.893080115318298340e+00
8.444620847651502515e+01,1.383369995927532692e+01,-1.833887481805051289e-01,-5.491899148959018540e-01,8.407089603885771112e+01,1.356742811261232262e+01,-6.613850088260564419e-01,-1.277309381018831624e+00,8.416190799056502669e+01,1.363451407066734511e+01,-5.876345706055197127e-01,-1.157170288039616413e+00,8.387836122515415127e+01,1.386537964428521263e+01,-1.499999999999999944e-01,-5.430000000000000382e-01,5.640000104904174805e-01,1.893080115318298340e+00
8.129451918557280976e+01,1.273684628195301194e+01,-6.696317196119094817e-02,-5.821614580338633216e-01,8.410314453350447650e+01,1.351879704186338316e+01,-5.876345706055197127e-01,-1.157170288039616413e+00,8.359957088555863436e+01,1.347638797810437516e+01,-6.498645459937612001e-01,-1.117393742723134853e+00,8.387204790082759587e+01,1.383276016827974964e+01,-5.500000000000000028e-02,-5.799999999999999600e-01,5.830000042915344238e-01,1.685318112373352051e+00
8.117440628953401927e+01,1.135209972955412461e+01,5.246717936060234233e-03,-5.649756359851011434e-01,8.353458443095925645e+01,1.336464860383206243e+01,-6.498645459937612001e-01,-1.117393742723134853e+00,8.312084035336017962e+01,1.320264882127035655e+01,-6.761583428638139326e-01,-1.149222079866341950e+00,8.386859941455301737e+01,1.379150993999691011e+01,-1.899999999999999953e-02,-5.829999999999999627e-01,5.830000042915344238e-01,1.561509966850280762e+00
8.307163286139790159e+01,1.271196527607144944e+01,3.547338506689873359e-03,-3.819835282352677108e-01,8.305322451907379389e+01,1.308772661328372244e+01,-6.761583428638139326e-01,-1.149222079866341950e+00,8.308611685881028563e+01,1.309531972028034730e+01,-5.941181040164571492e-01,-1.059075449739298014e+00,8.386987352342693214e+01,1.375509483955440793e+01,3.500000000000000333e-02,-3.810000000000000053e-01,3.819999992847442627e-01,1.561509966850280762e+00
8.337322333420276266e+01,1.470605517762600378e+01,5.535849127592791519e-02,-4.697493246092069863e-01,8.302670504840864396e+01,1.298941217530641801e+01,-5.941181040164571492e-01,-1.059075449739298014e+00,8.311975141607562989e+01,1.318802113421469357e+01,-5.011516990331381649e-01,-8.784782056187772081e-01,8.387177705750383438e+01,1.374055512036808757e+01,7.900000000000000078e-02,-4.670000000000000262e-01,4.729999899864196777e-01,1.453490495681762695e+00
8.337322333420276266e+01,1.470605517762600378e+01,8.438095959286796843e-02,-4.552459260846115074e-01,8.306963624617232256e+01,1.310017331365281557e+01,-5.011516990331381649e-01,-8.784782056187772081e-01,8.315187051620307557e+01,1.327867030082637001e+01,-4.177288483635724359e-01,-7.280640120110619673e-01,8.387177705750383438e+01,1.374055512036808757e+01,9.900000000000000466e-02,-4.630000000000000226e-01,4.729999899864196777e-01,1.387523770332336426e+00
8.152689433036012190e+01,1.475145776463179104e+01,7.853518603817372101e-02,-2.802021226709311974e-01,8.311009763136671324e+01,1.320586389962526397e+01,-4.177288483635724359e-01,-7.280640120110619673e-01,8.283502006044633958e+01,1.337996848618479184e+01,-4.285771231844697771e-01,-5.774339658517777529e-01,8.387832307819604694e+01,1.370940525716414804e+01,8.699999999999999400e-02,-2.750000000000000222e-01,2.879999876022338867e-01,1.297527551651000977e+00
8.642993760094276467e+01,1.323204643912938394e+01,1.621617653716414809e-01,-4.623889825650705498e-01,8.279216234812788855e+01,1.332222508959961438e+01,-4.285771231844697771e-01,-5.774339658517777529e-01,8.349920217524095278e+01,1.332011097988067050e+01,-1.967944694060219102e-01,-5.657956207749028632e-01,8.388459444015919075e+01,1.368757469835369989e+01,1.690000000000000113e-01,-4.530000000000000138e-01,4.839999973773956299e-01,1.233494281768798828e+00
8.150625586507564435e+01,1.104742653449665113e+01,1.894767519759099073e-01,-4.551346626723806188e-01,8.347952272830035270e+01,1.326353141780318090e+01,-1.967944694060219102e-01,-5.657956207749028632e-01,8.312661137477071804e+01,1.305679165945603870e+01,-2.380705339620096950e-01,-6.728461583720536376e-01,8.389052629411632722e+01,1.367152626609966681e+01,1.859999999999999987e-01,-4.470000000000000084e-01,4.839999973773956299e-01,1.176309823989868164e+00
8.333466315272065117e+01,1.178332812962531406e+01,2.221855944819053630e-01,-4.445700961302737619e-01,8.310280432137452067e+01,1.298950704361883268e+01,-2.380705339620096950e-01,-6.728461583720536376e-01,8.316617520743132275e+01,1.288655814151768375e+01,-1.727964546495419640e-01,-7.067967001550057304e-01,8.390144395810006017e+01,1.364647038176715554e+01,2.210000000000000020e-01,-4.430000000000000049e-01,4.950000047683715820e-01,1.107327699661254883e+00
8.497992920815229922e+01,1.622716863285244315e+01,2.277538112050433161e-01,-3.846260504836831462e-01,8.314889556196636988e+01,1.281587847150218273e+01,-1.727964546495419640e-01,-7.067967001550057304e-01,8.350924703886715861e+01,1.316217987962032865e+01,-4.379787086047701172e-02,-4.707493687624711987e-01,8.391550493190517557e+01,1.361962063426242686e+01,2.230000000000000038e-01,-3.760000000000000009e-01,4.370000064373016357e-01,1.036173701286315918e+00
8.140706825189566587e+01,1.351657426889830127e+01,2.429142879900763607e-01,-3.656687816875551778e-01,8.350486725178110703e+01,1.311510494274408067e+01,-4.379787086047701172e-02,-4.707493687624711987e-01,8.312431502402213823e+01,1.315968762831274752e+01,-1.024892158084018956e-01,-4.332511443212632152e-01,8.392596864700855974e+01,1.360239060040114190e+01,2.349999999999999867e-01,-3.689999999999999947e-01,4.370000064373016357e-01,9.844329953193664551e-01
8.140706825189566587e+01,1.351657426889830127e+01,2.003074427589192075e-01,-3.015309604167704105e-01,8.311406610244129922e+01,1.311636251388062036e+01,-1.024892158084018956e-01,-4.332511443212632152e-01,8.280741783871251016e+01,1.316234221524815773e+01,-1.419420957527721128e-01,-3.919682275487036960e-01,8.392596864700855974e+01,1.360239060040114190e+01,1.970000000000000084e-01,-2.909999999999999809e-01,3.510000109672546387e-01,9.844329953193664551e-01
8.089158010448485925e+01,1.089081008570372333e+01,2.292903216946926559e-01,-3.055322369745768207e-01,8.279322362913723055e+01,1.312314539249328682e+01,-1.419420957527721128e-01,-3.919682275487036960e-01,8.245307772521552181e+01,1.291346499505860557e+01,-1.818416660984186473e-01,-5.034252045588692992e-01,8.393563127520327782e+01,1.358835156157270774e+01,2.429999999999999938e-01,-2.959999999999999853e-01,3.829999864101409912e-01,9.269996285438537598e-01
8.174689054483584982e+01,1.204744274770647827e+01,2.552578705515952118e-01,-3.001323285431698462e-01,8.243489355860567969e+01,1.286312247460271863e+01,-1.818416660984186473e-01,-5.034252045588692992e-01,8.232494731899858209e+01,1.279629066825403605e+01,-1.600938090677982428e-01,-5.193058411257436280e-01,8.395252656933621438e+01,1.356643517136312660e+01,2.510000000000000009e-01,-2.899999999999999800e-01,3.829999864101409912e-01,8.660210967063903809e-01
8.301054316733534222e+01,1.805438501925655359e+01,1.979466965152697489e+00,-1.796285070332700462e+00,8.230893793809180181e+01,1.274436008414146215e+01,-1.600938090677982428e-01,-5.193058411257436280e-01,8.253304984892618279e+01,1.318207744995413222e+01,1.266709591332649820e-01,-4.092036830055385543e-01,8.397824525779711280e+01,1.353745682353507185e+01,2.145000000000000018e+00,-1.772999999999999909e+00,2.782999992370605469e+00,7.369208335876464844e-01
8.237637245626342519e+01,1.623689062754367285e+01,4.589820977046422890e+00,-2.125301928249869743e+00,8.254571694483951205e+01,1.314115708165357788e+01,1.266709591332649820e-01,-4.092036830055385543e-01,8.270733226422650830e+01,1.334098281132366104e+01,6.525120191725434227e-01,-4.855999114208979783e-01,8.419638490630799765e+01,1.336059792132902224e+01,5.006000000000000227e+00,-1.344000000000000083e+00,5.183000087738037109e+00,4.336505234241485596e-01
8.866536021230766096e+01,1.620485909060505136e+01,5.359720826093330004e+00,7.856714851493697971e-01,8.277258346614375739e+01,1.329242282018157084e+01,6.525120191725434227e-01,-4.855999114208979783e-01,8.408036383599248609e+01,1.364484626353647911e+01,1.476130207714032583e+00,-1.399274522867069992e-01,8.472692155768049815e+01,1.320847351676261461e+01,5.493000000000000327e+00,2.320000000000000118e-01,5.498000144958496094e+00,-1.455515027046203613e-01
8.307622265758149638e+01,1.407775910023614507e+01,4.506702835912873795e+00,3.566180176043316497e+00,8.422797685676388824e+01,1.363085351830780922e+01,1.476130207714032583e+00,-1.399274522867069992e-01,8.414350390796923307e+01,1.388498913332692730e+01,1.787248312639355463e+00,4.211323154589933226e-01,8.524157762510945702e+01,1.333427937117905593e+01,4.599000000000000199e+00,3.088999999999999968e+00,5.539999961853027344e+00,-6.694170832633972168e-01
8.468224537375466809e+01,1.516129751291873440e+01,4.420442544473180746e+00,3.497921905526653497e+00,8.432222873923316797e+01,1.392710236487282671e+01,1.787248312639355463e+00,4.211323154589933226e-01,8.450373580431160292e+01,1.422106577512024472e+01,2.117866319959295751e+00,9.348539192854861124e-01,8.572369813848493436e+01,1.374356396323420171e+01,3.785000000000000142e+00,4.046000000000000263e+00,5.539999961853027344e+00,-6.694170832633972168e-01
8.747330939707485697e+01,1.663927991560696640e+01,2.906054444681539728e+00,4.813831965778399891e+00,8.471552243630753765e+01,1.431455116704879416e+01,2.117866319959295751e+00,9.348539192854861124e-01,8.526627085152658481e+01,1.475906133015331712e+01,2.334251857233216931e+00,1.625203757288695705e+00,8.599489641160812425e+01,1.430149777100304398e+01,1.917000000000000037e+00,5.083999999999999631e+00,5.433000087738037109e+00,-1.027669191360473633e+00
8.538808923938383089e+01,1.784340722684259006e+01,1.113642873065359584e+00,5.474885145622580218e+00,8.549969603724990463e+01,1.492158170588218624e+01,2.334251857233216931e+00,1.625203757288695705e+00,8.542591396850613705e+01,1.542182443713289963e+01,2.183444265116992078e+00,2.344471922649146833e+00,8.608274888924815116e+01,1.482452995858602662e+01,5.360000000000000320e-01,5.496999999999999886e+00,5.522999763488769531e+00,-1.370124697685241699e+00
8.538808923938383089e+01,1.784340722684259006e+01,2.246414115525325050e-01,5.641529154617763275e+00,8.564425839501784310e+01,1.565627162939781414e+01,2.183444265116992078e+00,2.344471922649146833e+00,8.551141842994994136e+01,1.605439669066714359e+01,1.938017242058436729e+00,2.942982028070344480e+00,8.608274888924815116e+01,1.482452995858602662e+01,2.190000000000000002e-01,5.519000000000000128e+00,5.522999763488769531e+00,-1.530998110771179199e+00
8.742423605867031711e+01,1.535313999531539331e+01,-4.512394039793507505e-01,5.636968189836522036e+00,8.570522015415578210e+01,1.634869489347417826e+01,1.938017242058436729e+00,2.942982028070344480e+00,8.592373693834987591e+01,1.640648938719570893e+01,1.728671478556251806e+00,3.277495206054667154e+00,8.610461473415146827e+01,1.545589668925088311e+01,-6.909999999999999476e-01,5.415000000000000036e+00,5.459000110626220703e+00,-1.650676012039184570e+00
8.637392115590567698e+01,1.636463840102841871e+01,1.199060162193467255e-01,2.990597219612268542e+00,8.609660408620550243e+01,1.673423890780117418e+01,1.728671478556251806e+00,3.277495206054667154e+00,8.607886311668156054e+01,1.668236005572785174e+01,1.548712528485558071e+00,3.215459231497924897e+00,8.603653001793030342e+01,1.602992470412205961e+01,4.259999999999999898e-01,3.028999999999999915e+00,3.059000015258789062e+00,-1.530723452568054199e+00
8.597108475809497463e+01,1.967839009901671687e+01,3.508855018075194843e-01,5.719443764393605800e-01,8.623373436953011151e+01,1.700390597887764343e+01,1.548712528485558071e+00,3.215459231497924897e+00,8.613264494453177633e+01,1.711039112354138680e+01,1.393934674248482164e+00,2.981481242883840199e+00,8.608144807805537368e+01,1.633750565150106482e+01,3.669999999999999929e-01,5.470000000000000417e-01,6.589999794960021973e-01,-1.020512461662292480e+00
8.562532699050417762e+01,1.696731050148379794e+01,-3.087459068198409873e-01,-4.515362168314486224e-01,8.627203841195662903e+01,1.740853924782977202e+01,1.393934674248482164e+00,2.981481242883840199e+00,8.607713462704160179e+01,1.717050993135468673e+01,1.161809261441642871e+00,2.460250573089061366e+00,8.610676240923326930e+01,1.638067467332741600e+01,-3.150000000000000022e-01,-4.400000000000000022e-01,-5.410000085830688477e-01,-9.710477590560913086e-01
8.600876943019272858e+01,1.530735619236046929e+01,-3.869830163494500930e-01,-2.092517200491196938e+00,8.619331555318576932e+01,1.741653498866359229e+01,1.161809261441642871e+00,2.460250573089061366e+00,8.609165357490314818e+01,1.695435447470159929e+01,9.685519557431814253e-01,1.684378687632222427e+00,8.603586626038617169e+01,1.624157746009325365e+01,-5.610000000000000542e-01,-2.065999999999999837e+00,-2.141000032424926758e+00,-1.387925863265991211e+00
8.600876943019272858e+01,1.530735619236046929e+01,-1.723965701285541663e-01,-9.321928174076031803e-01,8.618850877047746906e+01,1.712279234346482326e+01,9.685519557431814253e-01,1.684378687632222427e+00,8.610541449616209775e+01,1.679917436985796897e+01,8.242448091040400771e-01,1.204969959617882225e+00,8.603586626038617169e+01,1.624157746009325365e+01,-6.099999999999999867e-02,-9.389999999999999458e-01,-9.409999847412109375e-01,-1.387925863265991211e+00
8.968953919391218221e+01,1.316814668288173173e+01,5.526707471682587580e-03,4.589667173393571220e-01,8.618783897707250219e+01,1.691967136581975595e+01,8.242448091040400771e-01,1.204969959617882225e+00,8.680833254538249832e+01,1.651651173080065149e+01,8.815684209481783329e-01,8.887040829288651578e-01,8.601756715724876301e+01,1.615352471008535673e+01,2.199999999999999872e-02,4.650000000000000244e-01,4.650000035762786865e-01,-1.558755278587341309e+00
8.968953919391218221e+01,1.316814668288173173e+01,1.471014049347866420e-02,1.372137413399655836e-01,8.689648938747731677e+01,1.660538213909353900e+01,8.815684209481783329e-01,8.887040829288651578e-01,8.738214895988571129e+01,1.623212403612707178e+01,9.017390464397465610e-01,5.890970257742635940e-01,8.601756715724876301e+01,1.615352471008535673e+01,2.299999999999999961e-02,1.360000000000000098e-01,1.379999965429306030e-01,-1.463998198509216309e+00
8.734790611209287192e+01,1.859184391621492694e+01,-3.190105932172290770e-01,-2.284837167194727403e+00,8.747232286452968708e+01,1.629103373870449900e+01,9.017390464397465610e-01,5.890970257742635940e-01,8.739613506561342149e+01,1.634846655990330788e+01,7.503470377933469937e-01,3.010288481562115592e-01,8.602026796282903831e+01,1.617684395433511568e+01,6.800000000000000488e-02,-2.261000000000000121e+00,-2.262000083923339844e+00,-1.432072401046752930e+00
8.801020419590295774e+01,1.434981317643911680e+01,1.132486595902829851e+00,-3.229172903416638096e+00,8.747116976939275901e+01,1.637856944471893073e+01,7.503470377933469937e-01,3.010288481562115592e-01,8.758869871183479461e+01,1.598238570421920279e+01,8.198971477576904032e-01,-3.224203717148720338e-01,8.601973390541547815e+01,1.600643761315442504e+01,1.145000000000000018e+00,-3.266999999999999904e+00,-3.461999893188476562e+00,-1.908098936080932617e+00
8.754105377204962224e+01,1.617019255339372208e+01,4.127990062159791584e+00,-1.953762074898265144e+00,8.767068842661056749e+01,1.595014366704771547e+01,8.198971477576904032e-01,-3.224203717148720338e-01,8.778970683546987175e+01,1.587834493608052711e+01,1.209468870213969982e+00,-5.462423338953033003e-01,8.619306612005864565e+01,1.569967301064663090e+01,4.432999999999999829e+00,-1.221999999999999975e+00,-4.598000049591064453e+00,-2.699535369873046875e+00
8.235219287864623539e+01,1.233692319504198665e+01,3.487947107061678764e+00,2.464886446937589959e+00,8.791065372249127563e+01,1.582372070269099673e+01,1.209468870213969982e+00,-5.462423338953033003e-01,8.696811041463691083e+01,1.566009031481257985e+01,1.235451101155853992e+00,-3.041821675474195574e-01,8.668196153587498998e+01,1.561273796716246309e+01,3.037999999999999812e+00,3.003000000000000114e+00,-4.270999908447265625e+00,2.526392936706542969e+00
8.503671324257391007e+01,1.601494904854192569e+01,3.434047678174096951e+00,2.426796427884922558e+00,8.709165552475249683e+01,1.562967209805783853e+01,1.235451101155853992e+00,-3.041821675474195574e-01,8.680195185635629684e+01,1.582232062875276135e+01,1.407128184112771407e+00,1.123623108916874669e-01,8.699136781674766894e+01,1.596787865324314204e+01,1.254999999999999893e+00,4.083000000000000185e+00,-4.270999908447265625e+00,2.526392936706542969e+00
8.778258872033659088e+01,1.383052332533442019e+01,-4.041185670000989383e+00,2.793991487121730177e+00,8.694266467476757043e+01,1.583355685984193073e+01,1.407128184112771407e+00,1.123623108916874669e-01,8.686399028587098314e+01,1.579379333229552529e+01,7.932737626928200170e-01,3.891413630715087058e-01,8.685904359784066742e+01,1.643715698899307753e+01,-3.786000000000000032e+00,3.374000000000000110e+00,-5.071000099182128906e+00,6.049166917800903320e-01
8.688838764972010154e+01,1.840556628836334241e+01,-2.283397367906573106e+00,1.578693316421061255e+00,8.694331766214025947e+01,1.583270746860267586e+01,7.932737626928200170e-01,3.891413630715087058e-01,8.679975039327490549e+01,1.614782930738297750e+01,4.231788056321955094e-01,7.041326696685763498e-01,8.685904359784066742e+01,1.643715698899307753e+01,-3.495999999999999996e+00,1.663000000000000034e+00,-2.671000003814697266e+00,6.049166917800903320e-01
8.688838764972010154e+01,1.840556628836334241e+01,-1.392333237307894489e+00,4.084226785219997602e-01,8.684206827383812310e+01,1.621824257434983352e+01,4.231788056321955094e-01,7.041326696685763498e-01,8.677209944045412726e+01,1.641167144446862736e+01,2.082782262492237635e-01,7.828099197036914036e-01,8.646483278214822121e+01,1.666715462296548722e+01,-1.431000000000000050e+00,3.400000000000000244e-01,-1.470999956130981445e+00,2.853326797485351562e-01
8.666844195073740309e+01,1.638228960127960576e+01,4.278990178669551114e-01,-7.827791887075744026e-02,8.679292726307905070e+01,1.648995243643899755e+01,2.082782262492237635e-01,7.828099197036914036e-01,8.677912162255704231e+01,1.643053787189217374e+01,2.290068899317652951e-01,6.522391155267610596e-01,8.629890871055421542e+01,1.671314842809803380e+01,4.309999999999999942e-01,-8.300000000000000433e-02,4.390000104904174805e-01,1.809348464012145996e-01
8.591730421781034011e+01,1.524614722828308899e+01,4.853581451583188766e-01,-1.158813348962227374e-01,8.680202231155021764e+01,1.649576178344484845e+01,2.290068899317652951e-01,6.522391155267610596e-01,8.664739644496029314e+01,1.633186296802227133e+01,2.204389647496132476e-01,4.717063311140392567e-01,8.630903291686325929e+01,1.671115715620168274e+01,4.630000000000000226e-01,-1.219999999999999973e-01,4.779999852180480957e-01,2.343667745590209961e-01
8.525371468001011976e+01,1.516712243677140570e+01,4.617761491075449976e-01,-1.416043714679650622e-01,8.666944034143524789e+01,1.637903360113367413e+01,2.204389647496132476e-01,4.717063311140392567e-01,8.641469257719940344e+01,1.622758039041327649e+01,1.865479531234476296e-01,3.156669219650397595e-01,8.633501863481923522e+01,1.670473129868086204e+01,4.570000000000000173e-01,-1.400000000000000133e-01,4.779999852180480957e-01,2.975479066371917725e-01
8.289556407884464306e+01,1.754546876148085843e+01,4.710482408550479838e-01,-1.902040253496959654e-01,8.643334737251174715e+01,1.625914708260977903e+01,1.865479531234476296e-01,3.156669219650397595e-01,8.578295287568788297e+01,1.635398327391195039e+01,6.378668006604223950e-02,3.139022088769048424e-01,8.636591768271428293e+01,1.669448502190567041e+01,4.829999999999999849e-01,-1.950000000000000067e-01,5.210000276565551758e-01,3.837683498859405518e-01
8.543061536517616616e+01,1.549132986264844192e+01,4.997932712863890070e-01,-2.018109480014313450e-01,8.578933154369448744e+01,1.638537349479964078e+01,6.378668006604223950e-02,3.139022088769048424e-01,8.574102193469056488e+01,1.627003953355940880e+01,9.999460878494104143e-02,1.896358097597420356e-01,8.639233064644345461e+01,1.668338425239564060e+01,4.759999999999999787e-01,-2.159999999999999976e-01,5.230000019073486328e-01,3.837683498859405518e-01
8.470985078801322743e+01,1.647665279987462839e+01,4.009918684078795370e-01,-2.432417160541191226e-01,8.575102139556905456e+01,1.628900311453538308e+01,9.999460878494104143e-02,1.896358097597420356e-01,8.556902191787825984e+01,1.628237764232879670e+01,8.982946317662396374e-02,1.374224121133872656e-01,8.641972398723260085e+01,1.666928894676238571e+01,4.239999999999999880e-01,-2.369999999999999885e-01,4.860000014305114746e-01,5.452584028244018555e-01
8.470985078801322743e+01,1.647665279987462839e+01,1.399624004441786695e+00,-8.490120909999691046e-01,8.557800486419591834e+01,1.629611988354013619e+01,8.982946317662396374e-02,1.374224121133872656e-01,8.547211568155830719e+01,1.625726881103122423e+01,2.078815543381855868e-01,4.718759478344186631e-03,8.641972398723260085e+01,1.666928894676238571e+01,1.413000000000000034e+00,-9.200000000000000400e-01,1.685999989509582520e+00,5.452584028244018555e-01
8.645205451528012475e+01,1.470661206396952636e+01,2.668990081436358519e+00,-3.075333504298778386e+00,8.549290383699212725e+01,1.625774068697905861e+01,2.078815543381855868e-01,4.718759478344186631e-03,8.577918973534856661e+01,1.593312298179274045e+01,5.444829769046886092e-01,-5.270745201227846621e-01,8.657867479314951709e+01,1.655182297363329980e+01,2.428999999999999826e+00,-3.286000000000000032e+00,4.085999965667724609e+00,8.560187816619873047e-01
8.408177900308145070e+01,1.548540140513156160e+01,8.372057626354334481e-01,-5.328632384313199744e+00,8.583363803303903694e+01,1.588041552978046234e+01,5.444829769046886092e-01,-5.270745201227846621e-01,8.551814971812895294e+01,1.556885023191229145e+01,5.018384771063869598e-01,-1.243755176444667931e+00,8.679857301713883544e+01,1.623881752686119739e+01,2.989999999999999880e-01,-5.469000000000000306e+00,5.477000236511230469e+00,1.414955735206604004e+00
8.907575392684286442e+01,1.733379514323499393e+01,-1.617794749053849790e+00,-5.120511587804323028e+00,8.556833356583959471e+01,1.544447471426782492e+01,5.018384771063869598e-01,-1.243755176444667931e+00,8.613354468945016151e+01,1.540520861872716374e+01,4.039566932459027204e-01,-1.699773710305217289e+00,8.686438417434121106e+01,1.562907822280908121e+01,-1.197999999999999954e+00,-5.270999999999999908e+00,5.405000209808349609e+00,1.876815676689147949e+00
8.787327861792707040e+01,1.224225194597805988e+01,-3.672482950542840907e+00,-4.082150402061446748e+00,8.617394035877475744e+01,1.523523124769664250e+01,4.039566932459027204e-01,-1.699773710305217289e+00,8.631568440340933535e+01,1.481175451796150178e+01,-7.878702021741346151e-03,-2.210686417347135446e+00,8.660953187946947196e+01,1.505856926553975939e+01,-4.104000000000000092e+00,-3.625000000000000000e+00,5.474999904632568359e+00,2.303414821624755859e+00
8.694692206359351871e+01,1.362796248376215047e+01,-4.815380110655563151e+00,-3.061135196639174882e+00,8.631489653320716116e+01,1.459068587622678770e+01,-7.878702021741346151e-03,-2.210686417347135446e+00,8.622503652745780300e+01,1.444967630184185836e+01,-5.543682533927739575e-01,-2.387200102599299267e+00,8.615274476956848559e+01,1.462487442621566380e+01,-4.519999999999999574e+00,-3.091000000000000192e+00,5.474999904632568359e+00,2.575336217880249023e+00
8.706690812105571808e+01,1.319484372246968462e+01,-4.544667550773554332e+00,-2.060605388885807798e+00,8.616959970211853204e+01,1.421095629158192786e+01,-5.543682533927739575e-01,-2.387200102599299267e+00,8.616483421893832428e+01,1.413188156428447151e+01,-9.914478005711649944e-01,-2.396370208574542193e+00,8.570998048730281482e+01,1.436087067245160576e+01,-4.530000000000000249e+00,-2.056999999999999940e+00,5.375000000000000000e+00,2.715905189514160156e+00
8.495639765268566634e+01,1.182886560064442882e+01,-1.212111185951043169e+00,-2.257128852897900106e+00,8.606568943888120771e+01,1.389224454342701698e+01,-9.914478005711649944e-01,-2.396370208574542193e+00,8.584833142466564482e+01,1.370181558669513677e+01,-1.066969636766228469e+00,-2.490804396589793690e+00,8.529030275338833178e+01,1.410397179265260093e+01,-1.217999999999999972e+00,-2.269000000000000128e+00,2.575000047683715820e+00,2.063615322113037109e+00
8.497951604390486580e+01,1.174935848840474861e+01,-6.580978435250971481e-01,-1.225474731911582182e+00,8.574163446098901886e+01,1.345273514703615803e+01,-1.066969636766228469e+00,-2.490804396589793690e+00,8.561658169193984236e+01,1.336107900826500661e+01,-1.051879032868936470e+00,-2.402311802420729503e+00,8.520437669752710974e+01,1.391594727215641036e+01,-3.290000000000000147e-01,-1.334999999999999964e+00,1.375000000000000000e+00,2.063615322113037109e+00
8.387516057467880159e+01,1.484114236973583978e+01,1.319037936711319192e-01,1.010426889020729080e+00,8.551139378865295271e+01,1.312084782802293326e+01,-1.051879032868936470e+00,-2.402311802420729503e+00,8.525616477099684687e+01,1.348068461769866033e+01,-9.829188295672831588e-01,-1.812987653352365669e+00,8.520685625059266499e+01,1.393289024981403834e+01,1.590000000000000024e-01,1.012999999999999901e+00,-1.024999976158142090e+00,1.700604915618896484e+00
8.387516057467880159e+01,1.484114236973583978e+01,8.578214903117691303e-01,3.372616554473804928e+00,8.515787288804011723e+01,1.329938585236342341e+01,-9.829188295672831588e-01,-1.812987653352365669e+00,8.499732607257735140e+01,1.374307598219167303e+01,-8.197879714481441926e-01,-9.770590979957132216e-01,8.520685625059266499e+01,1.393289024981403834e+01,1.997000000000000108e+00,2.782000000000000028e+00,-3.424999952316284180e+00,1.819863915443420410e+00
8.701336383791890228e+01,1.309152288529721275e+01,3.722258834937195004e+00,2.945980351272897924e+00,8.491534727543253780e+01,1.364537007239210098e+01,-8.197879714481441926e-01,-9.770590979957132216e-01,8.550511590929569650e+01,1.381565903121917138e+01,-1.840521550122310446e-01,-4.401837943966132594e-01,8.531492280929795413e+01,1.416933853741862315e+01,4.027999999999999581e+00,2.236000000000000210e+00,-4.606999874114990234e+00,2.472087144851684570e+00
8.818774366347463456e+01,1.507895262406557713e+01,4.249460707266582205e+00,-1.513673052036527356e+00,8.548671069379447829e+01,1.377164065177951002e+01,-1.840521550122310446e-01,-4.401837943966132594e-01,8.618473840926549201e+01,1.383615210581409194e+01,4.654335147902812775e-01,-5.229125096329650946e-01,8.566293382596914796e+01,1.435367519989848972e+01,3.916999999999999815e+00,-2.194999999999999840e+00,-4.489999771118164062e+00,-2.799401998519897461e+00
8.809874570341729338e+01,1.354047001691398933e+01,4.274895250468286001e+00,-1.522732926991823277e+00,8.623128176074452256e+01,1.378386085485079526e+01,4.654335147902812775e-01,-5.229125096329650946e-01,8.674612725506584354e+01,1.370349316266715789e+01,1.003409926644611705e+00,-6.810938502754581014e-01,8.610089921917010258e+01,1.415136749942276140e+01,2.315999999999999837e+00,-3.846999999999999975e+00,-4.489999771118164062e+00,-2.799401998519897461e+00
8.479896831451621608e+01,1.483206076742393442e+01,-1.977993025999506549e-01,-2.588453439435028702e+00,8.684646824773030005e+01,1.363538377763961229e+01,1.003409926644611705e+00,-6.810938502754581014e-01,8.641088349342727781e+01,1.364174578126596593e+01,7.691412988801995532e-01,-8.906202705146710752e-01,8.619708299608791435e+01,1.379354031215945398e+01,-1.429999999999999882e-01,-2.486000000000000210e+00,-2.490000009536743164e+00,-1.494528532028198242e+00
8.605072954297560273e+01,1.270319028009629569e+01,-6.857449245843820831e-03,-8.973837547878193988e-02,8.648779762331530208e+01,1.355268375421449889e+01,7.691412988801995532e-01,-8.906202705146710752e-01,8.637230815007318085e+01,1.351665162045024893e+01,6.570432899960131357e-01,-8.219124922606763084e-01,8.618525361972648113e+01,1.359535248390340811e+01,-7.000000000000000146e-03,-8.999999999999999667e-02,-9.000000357627868652e-02,-1.494528532028198242e+00
8.480656898023593726e+01,1.400495217627688227e+01,1.795438776243354073e-01,2.304015082091750877e+00,8.643801247907278196e+01,1.343446037122418169e+01,6.570432899960131357e-01,-8.219124922606763084e-01,8.611171608156413981e+01,1.366741854276421009e+01,5.276931393614460175e-01,-3.379370635838314096e-01,8.618880891764143826e+01,1.364408047375409083e+01,1.150000000000000050e-01,2.306999999999999940e+00,2.309999942779541016e+00,-1.493026971817016602e+00
8.315569472284863650e+01,1.241134638885759500e+01,1.178872819445067333e-01,3.528030950369839935e+00,8.616448539550027874e+01,1.363362483640582745e+01,5.276931393614460175e-01,-3.379370635838314096e-01,8.558310850162337147e+01,1.373640227292460736e+01,3.454021787434411461e-01,1.535619067156085982e-01,8.619139528234738634e+01,1.396477921105339703e+01,-4.399999999999999745e-02,3.509999999999999787e+00,3.509999990463256836e+00,-1.537394285202026367e+00
8.654333129472804842e+01,1.707230479795742539e+01,-8.423602732345567556e-01,5.366288746487353656e+00,8.561764871949770850e+01,1.375175846359616827e+01,3.454021787434411461e-01,1.535619067156085982e-01,8.573960075772357925e+01,1.436799792975738299e+01,2.444819591681799409e-01,1.092192640470725840e+00,8.611291933032208590e+01,1.443655617363968169e+01,-1.354999999999999982e+00,5.325000000000000178e+00,5.494999885559082031e+00,-1.726498365402221680e+00
8.654333129472804842e+01,1.707230479795742539e+01,-2.127056735852091762e+00,5.102392800721724520e+00,8.576404895364039760e+01,1.447721719380445471e+01,2.444819591681799409e-01,1.092192640470725840e+00,8.580729675609534013e+01,1.495519527422467121e+01,-4.386049082529791532e-03,1.816542483112386641e+00,8.611291933032208590e+01,1.443655617363968169e+01,-2.115000000000000213e+00,5.072000000000000064e+00,5.494999885559082031e+00,-1.965764403343200684e+00
8.724866402138950150e+01,1.731618960007581265e+01,-3.388366648840509754e+00,4.675259285998886405e+00,8.580685815118708604e+01,1.513684952253590943e+01,-4.386049082529791532e-03,1.816542483112386641e+00,8.593035612992535732e+01,1.550924871939372274e+01,-3.448840994394313242e-01,2.351195510662869026e+00,8.585621690679947449e+01,1.501360161464628895e+01,-3.259999999999999787e+00,4.501000000000000334e+00,5.558000087738037109e+00,-2.197936773300170898e+00
8.400058507851700540e+01,1.405035169256081140e+01,-3.494358368463410525e+00,3.494684925075075110e+00,8.589586771998141046e+01,1.574436827046000964e+01,-3.448840994394313242e-01,2.351195510662869026e+00,8.540440087231533539e+01,1.564666955956562155e+01,-8.052249086732141681e-01,2.422578615419801462e+00,8.548505830711710018e+01,1.551586182204795605e+01,-3.488999999999999879e+00,3.486000000000000210e+00,4.932000160217285156e+00,-2.356147766113281250e+00
8.748561239214986074e+01,1.586749680616112457e+01,-3.789318418392577659e-01,2.526744150160363134e+00,8.532387838144801151e+01,1.588892742110760103e+01,-8.052249086732141681e-01,2.422578615419801462e+00,8.574729376983968621e+01,1.589280249540290058e+01,-6.584967584751973968e-01,2.436460434282667009e+00,8.513947725270242017e+01,1.591757424045485969e+01,-3.750000000000000000e-01,2.504000000000000004e+00,2.532000064849853516e+00,-1.719655394554138184e+00
8.717077016777550114e+01,1.335229857149975707e+01,2.479150821038370034e-01,1.330092941623124636e+00,8.568144409399216954e+01,1.613644853883116781e+01,-6.584967584751973968e-01,2.436460434282667009e+00,8.599969814389227452e+01,1.580575404600324241e+01,-4.841889521887045578e-01,2.121772038865073373e+00,8.509635972963086203e+01,1.616199524521757880e+01,1.290000000000000036e-01,1.324999999999999956e+00,1.332000017166137695e+00,-1.386521577835083008e+00
8.105697822561323562e+01,1.636825421289632843e+01,-1.975258219685838701e-01,-1.059748763000543104e+00,8.595127924867340141e+01,1.601793124988974881e+01,-4.841889521887045578e-01,2.121772038865073373e+00,8.504686744485265137e+01,1.587032789860906945e+01,-6.667989787318535644e-01,1.680886389015320503e+00,8.509474611275092570e+01,1.615592606245750673e+01,-1.849999999999999978e-01,-1.052000000000000046e+00,-1.067999958992004395e+00,-1.386521577835083008e+00
8.105697822561323562e+01,1.636825421289632843e+01,-1.728700202662137031e-01,-2.260399251125090103e+00,8.498018754697946520e+01,1.603841653751060292e+01,-6.667989787318535644e-01,1.680886389015320503e+00,8.426666492757659910e+01,1.584555277177883603e+01,-7.816118087351661137e-01,1.128931569601566709e+00,8.509474611275092570e+01,1.615592606245750673e+01,-1.000000000000000021e-02,-2.267999999999999794e+00,-2.267999887466430664e+00,-1.494467258453369141e+00
8.105697822561323562e+01,1.636825421289632843e+01,-1.728700202662137031e-01,-2.260399251125090103e+00,8.418850374670307701e+01,1.595844592873899259e+01,-7.816118087351661137e-01,1.128931569601566709e+00,8.362825760726290980e+01,1.580472027456898232e+01,-8.476250922185337711e-01,6.612808240722383157e-01,8.509474611275092570e+01,1.615592606245750673e+01,-1.000000000000000021e-02,-2.267999999999999794e+00,-2.267999887466430664e+00,-1.494467258453369141e+00
8.105697822561323562e+01,1.636825421289632843e+01,-1.728700202662137031e-01,-2.260399251125090103e+00,8.354349509804106333e+01,1.587084835697620555e+01,-8.476250922185337711e-01,6.612808240722383157e-01,8.310693543978658226e+01,1.575219042363457334e+01,-8.771695225675625318e-01,2.661595915490968522e-01,8.509474611275092570e+01,1.615592606245750673e+01,-1.000000000000000021e-02,-2.267999999999999794e+00,-2.267999887466430664e+00,-1.494467258453369141e+00
