-2.856331705995049930e+00,-4.036527753279584907e+00,0.000000000000000000e+00,-0.000000000000000000e+00,0.000000000000000000e+00,0.000000000000000000e+00,0.000000000000000000e+00,0.000000000000000000e+00,-1.488955008920597178e+00,-2.538608789776657382e+00,0.000000000000000000e+00,0.000000000000000000e+00,-6.905950308173045560e-01,-1.859971403787714195e+00,0.000000000000000000e+00,0.000000000000000000e+00,0.000000000000000000e+00,4.113246104680001736e-04
-2.856331705995049930e+00,-4.036527753279584907e+00,0.000000000000000000e+00,-0.000000000000000000e+00,-1.488955008920597178e+00,-2.538608789776657382e+00,0.000000000000000000e+00,0.000000000000000000e+00,-2.154159439664455000e+00,-2.951602713343976170e+00,-4.490512155580926590e-02,-3.561947674877062597e-02,-6.905950308173045560e-01,-1.859971403787714195e+00,0.000000000000000000e+00,0.000000000000000000e+00,0.000000000000000000e+00,4.113246104680001736e-04
3.262947798003240640e-01,-7.769207407865502013e+00,1.197999953279049734e+00,-4.757332045442264122e-05,-2.158649951820035717e+00,-2.955164661018853334e+00,-4.490512155580926590e-02,-3.561947674877062597e-02,-8.543013319729253485e-01,-4.980320530129915824e+00,6.233823808840845970e-01,-1.856091335242969209e-01,-6.873029469921472234e-01,-1.859971452960672789e+00,1.199999999999999956e+00,0.000000000000000000e+00,1.200000047683715820e+00,3.971061960328370333e-05
2.302521824954768093e+00,8.715923167212481504e-01,3.504999990977985203e+00,9.303091812286602659e-04,-7.919630938845169110e-01,-4.998881443482345865e+00,6.233823808840845970e-01,-1.856091335242969209e-01,8.017374220672347507e-01,-2.680166180437325352e+00,1.995280575940912238e+00,-1.167212363327355812e-01,-4.995549912816049098e-01,-1.859940256600554509e+00,3.600000000000000089e+00,4.000000000000000083e-03,2.400000095367431641e+00,-2.654234413057565689e-04
2.302521824954768093e+00,8.715923167212481504e-01,4.932999913974088990e+00,1.309333843875353908e-03,1.001265479661326063e+00,-2.691838304070599097e+00,1.995280575940912238e+00,-1.167212363327355812e-01,1.707814537485999207e+00,-1.255377667371807560e+00,3.517373119102823686e+00,9.756978691309960150e-02,-4.995549912816049098e-01,-1.859940256600554509e+00,3.600000000000000089e+00,4.000000000000000083e-03,3.599999904632568359e+00,-2.654234413057565689e-04
-5.402072310610307682e+00,1.012360059583457428e+00,5.597998386308235652e+00,4.315334511584210421e-03,2.059551849396281664e+00,-1.245620688680497690e+00,3.517373119102823686e+00,9.756978691309960150e-02,-1.472330419851847427e+00,-3.411060161793290080e-01,4.295052129511223171e+00,6.959751160804476811e-02,-2.380883689267207504e-02,-1.859271324494896405e+00,5.491999999999999993e+00,-3.699999999999999817e-02,5.492000102996826172e+00,-7.708708290010690689e-04
-2.155447602368329552e+00,1.649350996554350024e+00,5.647885285241322606e+00,-3.596016022968066828e-02,-1.042825206900725110e+00,-3.341462650185245131e-01,4.295052129511223171e+00,6.959751160804476811e-02,-1.615003976489877147e+00,4.576499480785251039e-01,4.963062086750235302e+00,6.938967759509098721e-02,6.057878733005550576e-01,-1.861564998440046415e+00,5.491999999999999993e+00,-2.800000000000000058e-02,5.492000102996826172e+00,6.366927176713943481e-03
4.938653115037148211e-01,-3.783281022870826238e+00,5.591999852088636480e+00,1.318926767377937449e-03,-1.118697767814853528e+00,4.645889158380341888e-01,4.963062086750235302e+00,6.938967759509098721e-02,-3.348517223215001781e-01,-1.248995761768213697e+00,5.287752819776734725e+00,4.747935704525890754e-02,1.128805756943152439e+00,-1.863234574371500418e+00,5.426000000000000156e+00,0.000000000000000000e+00,5.426000118255615234e+00,-2.358595811529085040e-04
1.322543263579498918e+00,-1.830365496428485450e+00,5.583836719800546078e+00,-4.271676580357523095e-02,1.939235596561733610e-01,-1.244247826063687778e+00,5.287752819776734725e+00,4.747935704525890754e-02,8.017407707573711573e-01,-1.479462009144773882e+00,5.454824983350698986e+00,-3.764258582147012033e-02,1.753134369935070325e+00,-1.864034193966681796e+00,5.592999999999999972e+00,-7.900000000000000078e-02,5.593999862670898438e+00,7.649925071746110916e-03
5.433685183784191075e+00,-5.856075794080749297e+00,5.585039170687792875e+00,-1.480042849753069878e-01,1.347223269092441056e+00,-1.483226267726920788e+00,5.454824983350698986e+00,-3.764258582147012033e-02,3.276211150236856273e+00,-3.251005406108984808e+00,5.583631992038273317e+00,-7.080471211080532901e-02,2.393175721358463903e+00,-1.874146253151536712e+00,5.516000000000000014e+00,-1.839999999999999969e-01,5.519999980926513672e+00,2.649393305182456970e-02
1.704246163824116200e+00,-3.573325259343525406e+00,5.582448568737810035e+00,-2.705392636895823655e-01,3.834574349440683427e+00,-3.258085877320065382e+00,5.583631992038273317e+00,-7.080471211080532901e-02,2.684036715150859287e+00,-3.385640112564130000e+00,5.539759645446888925e+00,-2.234281416591939462e-01,3.029429078501248540e+00,-1.896679145446744208e+00,5.568999999999999950e+00,-2.479999999999999982e-01,5.573999881744384766e+00,4.842458665370941162e-02
1.704246163824116200e+00,-3.573325259343525406e+00,5.697313532386306001e+00,-2.761059039024846840e-01,3.238012679695548179e+00,-3.407982926730049211e+00,5.539759645446888925e+00,-2.234281416591939462e-01,2.527752160800480929e+00,-3.476773748345470150e+00,5.594222630123905304e+00,-2.392030473889451281e-01,3.029429078501248540e+00,-1.896679145446744208e+00,5.565000000000000391e+00,-3.130000000000000004e-01,5.573999881744384766e+00,4.842458665370941162e-02
5.450460314723168942e+00,-3.586130784154767603e+00,5.809619565343851377e+00,-5.647019205352555860e-01,3.087174423812871549e+00,-3.500694053084364654e+00,5.594222630123905304e+00,-2.392030473889451281e-01,4.388568479756170149e+00,-3.536854126441121071e+00,5.757213049193222965e+00,-4.726049620954654862e-01,4.203261018164182516e+00,-1.977927611903069982e+00,5.666000000000000369e+00,-5.540000000000000480e-01,5.692999839782714844e+00,9.689678996801376343e-02
5.450460314723168942e+00,-3.586130784154767603e+00,5.392585346310734273e+00,-5.241656992271080950e-01,4.964289784675492534e+00,-3.584114622650667492e+00,5.757213049193222965e+00,-4.726049620954654862e-01,5.184176800952252862e+00,-3.587038347762812496e+00,5.588988406629051831e+00,-4.879928874068389377e-01,4.203261018164182516e+00,-1.977927611903069982e+00,5.573999999999999844e+00,-6.129999999999999893e-01,5.607999801635742188e+00,9.689678996801376343e-02
4.384590059783457505e+00,-2.478753762434314556e+00,5.605761490723921270e+00,-6.558770555225703625e-01,5.743075641615158489e+00,-3.635837636503496562e+00,5.588988406629051831e+00,-4.879928874068389377e-01,4.986004388460128389e+00,-3.174591854625575138e+00,5.559152326456962889e+00,-5.642622495432429996e-01,4.849342942099415410e+00,-2.047299759417391840e+00,5.567999999999999616e+00,-6.700000000000000400e-01,5.607999801635742188e+00,1.164709925651550293e-01
4.323283076024861060e+00,-3.583675668916602941e+00,5.367752370528418915e+00,-6.502954635954816265e-01,5.541919621105824589e+00,-3.231018079579899283e+00,5.559152326456962889e+00,-5.642622495432429996e-01,5.003092212145894280e+00,-3.377064807905670651e+00,5.463425713857207988e+00,-5.897081022709526055e-01,5.483236909370595491e+00,-2.123089121658057188e+00,5.410999999999999588e+00,-6.560000000000000275e-01,5.451000213623046875e+00,1.205610260367393494e-01
4.519983530233928626e+00,-1.691218392051780706e+00,5.563419189929558861e+00,-6.563334266936369232e-01,5.549434783531615345e+00,-3.436035618132765812e+00,5.463425713857207988e+00,-5.897081022709526055e-01,4.967533168461550019e+00,-2.739549199145640657e+00,5.478989936746046396e+00,-5.726708534688874641e-01,6.117489456944394277e+00,-2.199276761570447380e+00,5.480000000000000426e+00,-6.450000000000000178e-01,5.518000125885009766e+00,1.174302548170089722e-01
4.538894772581127057e+00,-7.612344189756238277e-01,5.352000736214221455e+00,-6.130726088747597835e-01,5.515432162136154837e+00,-2.796816284492529281e+00,5.478989936746046396e+00,-5.726708534688874641e-01,5.099004814267193986e+00,-1.976324904422253503e+00,5.420608371018852623e+00,-5.855457183604818594e-01,6.642164826744665795e+00,-2.260398881026944196e+00,5.371000000000000441e+00,-6.159999999999999920e-01,5.406000137329101562e+00,1.140530481934547424e-01
6.498730123203369402e+00,-7.014147203795366714e-01,5.624226428256281274e+00,-6.442014711978747421e-01,5.641065651369078893e+00,-2.034879476258301789e+00,5.420608371018852623e+00,-5.855457183604818594e-01,6.153435996069484659e+00,-1.502619106149409856e+00,5.555133359237968804e+00,-5.780444404547108173e-01,7.261891007782044660e+00,-2.331465379879673172e+00,5.535000000000000142e+00,-6.340000000000000080e-01,5.572000026702880859e+00,1.140434592962265015e-01
6.498730123203369402e+00,-7.014147203795366714e-01,5.381811472055566981e+00,-6.164351510795567091e-01,6.708949331993281362e+00,-1.560423550194880882e+00,5.555133359237968804e+00,-5.780444404547108173e-01,6.627159537570165959e+00,-1.215077745474369086e+00,5.475765698111751512e+00,-5.898138696640481404e-01,7.261891007782044660e+00,-2.331465379879673172e+00,5.535000000000000142e+00,-6.340000000000000080e-01,5.572000026702880859e+00,1.140434592962265015e-01
8.342866539756458977e+00,1.358420384322421570e-01,5.450504382672905379e+00,-6.141892535012978271e-01,7.174736107381341377e+00,-1.274059132440773956e+00,5.475765698111751512e+00,-5.898138696640481404e-01,7.873771777112574810e+00,-7.111492367660290359e-01,5.516237016462362419e+00,-5.552047146760721308e-01,7.892437577311082642e+00,-2.403434560966608569e+00,5.618000000000000327e+00,-6.290000000000000036e-01,5.652999877929687500e+00,1.122114956378936768e-01
1.013585376782774006e+01,-2.949929403144883278e+00,5.549933222099798336e+00,-6.158721179811559310e-01,8.425395478758810341e+00,-7.666697082336362268e-01,5.516237016462362419e+00,-5.552047146760721308e-01,9.093906663234548660e+00,-1.651322673085306114e+00,5.503803865802230355e+00,-5.721739433338141056e-01,8.525116562665699504e+00,-2.474524603314276039e+00,5.618999999999999773e+00,-6.179999999999999938e-01,5.525000095367431641e+00,1.105171218514442444e-01
1.195270407224640508e+01,5.503733334026576773e-02,5.551948342535802716e+00,-5.974335421514296307e-01,9.644287049814771251e+00,-1.708540067418687469e+00,5.503803865802230355e+00,-5.721739433338141056e-01,1.107102136055153885e+01,-1.004409517660308726e+00,5.649854353628228409e+00,-5.251832455667986288e-01,9.163761735106884743e+00,-2.544122861032219518e+00,5.493000000000000327e+00,-5.929999999999999716e-01,5.525000095367431641e+00,1.071954220533370972e-01
1.150805819054269286e+01,-4.918349133652484717e+00,5.654822746935289857e+00,-6.406719340408818519e-01,1.163600679591436204e+01,-1.056927842216988545e+00,5.649854353628228409e+00,-5.251832455667986288e-01,1.158824764900904114e+01,-2.622004216377999519e+00,5.655359762176745519e+00,-5.575896896088310406e-01,9.810679078291901334e+00,-2.614790307092114130e+00,5.469999999999999751e+00,-6.250000000000000000e-01,5.506000041961669922e+00,1.128154918551445007e-01
9.088815092883717028e+00,-2.064895500335494072e-01,5.255980934810819072e+00,-6.970429673397395831e-01,1.215378362522671551e+01,-2.677763185338882579e+00,5.655359762176745519e+00,-5.575896896088310406e-01,1.018145594304101209e+01,-1.691418351914939056e+00,5.268224988749138582e+00,-5.655711269951496645e-01,1.044300520408690858e+01,-2.690221296810936025e+00,5.464000000000000412e+00,-6.770000000000000462e-01,5.506000041961669922e+00,1.318496167659759521e-01
9.088815092883717028e+00,-2.064895500335494072e-01,5.294642465391283359e+00,-7.021702210973054248e-01,1.070827844191592604e+01,-1.747975464614454078e+00,5.268224988749138582e+00,-5.655711269951496645e-01,1.013633864256257411e+01,-1.131191206088809853e+00,5.335290709922319685e+00,-6.067430571916232473e-01,1.044300520408690858e+01,-2.690221296810936025e+00,5.501999999999999780e+00,-7.620000000000000107e-01,5.554999828338623047e+00,1.318496167659759521e-01
1.101627168447873473e+01,-4.217975662316271190e+00,5.306525564512661219e+00,-9.100772185079969434e-01,1.066986771355480634e+01,-1.191865511807972178e+00,5.335290709922319685e+00,-6.067430571916232473e-01,1.089033296508231707e+01,-2.401171997982814776e+00,5.343658835080796976e+00,-9.333101843226017102e-01,1.107689535595280006e+01,-2.784340904215575563e+00,5.435999999999999943e+00,-1.004999999999999893e+00,5.527999877929687500e+00,1.698491424322128296e-01
1.006699836259943304e+01,-5.111432837280575292e+00,5.432293502335499902e+00,-1.034934599365534114e+00,1.142469884859039730e+01,-2.494503016415074992e+00,5.343658835080796976e+00,-9.333101843226017102e-01,1.096108076970130973e+01,-3.556253376652070308e+00,5.440433955166670721e+00,-9.621694291022061529e-01,1.171410048013403937e+01,-2.899131344319837655e+00,5.463000000000000078e+00,-1.116000000000000103e+00,5.576000213623046875e+00,1.882591694593429565e-01
1.027072107812294810e+01,-2.485198781880662455e+00,5.656983216005710524e+00,-1.205485780560234588e+00,1.150512416521797654e+01,-3.652470319562290957e+00,5.440433955166670721e+00,-9.621694291022061529e-01,1.072140466379329560e+01,-3.187136748194663305e+00,5.463151551846967990e+00,-1.091838350660484291e+00,1.233979666208665904e+01,-3.023689077762349076e+00,5.448999999999999844e+00,-1.185000000000000053e+00,5.576000213623046875e+00,2.099564671516418457e-01
1.027072107812294810e+01,-2.485198781880662455e+00,5.686768510693060108e+00,-1.315762766942475626e+00,1.126771981897799257e+01,-3.296320583260711867e+00,5.463151551846967990e+00,-1.091838350660484291e+00,1.092421091207551065e+01,-2.978460939990809742e+00,5.610944844522312458e+00,-1.158517407905210295e+00,1.233979666208665904e+01,-3.023689077762349076e+00,5.437999999999999723e+00,-1.235000000000000098e+00,5.576000213623046875e+00,2.273716926574707031e-01
1.345965372884181299e+01,-3.639278756555256233e+00,5.647910681664924049e+00,-1.310689625819851933e+00,1.148530539652774252e+01,-3.094312680781330815e+00,5.610944844522312458e+00,-1.158517407905210295e+00,1.278835972240432817e+01,-3.312392335294839896e+00,5.780086949190904377e+00,-1.286535180259566813e+00,1.347368490701188115e+01,-3.280944870422743520e+00,5.386000000000000121e+00,-1.243999999999999995e+00,5.527999877929687500e+00,2.280299663543701172e-01
1.352626723030231659e+01,-5.088390158571975519e+00,5.594888650471618874e+00,-1.278021984801117839e+00,1.336636841732341807e+01,-3.441045853320796599e+00,5.780086949190904377e+00,-1.286535180259566813e+00,1.343378624256433795e+01,-4.106235945096195827e+00,5.689638453706902688e+00,-1.283238314234669275e+00,1.409500753875863133e+01,-3.424225376052854930e+00,5.511999999999999567e+00,-1.262999999999999901e+00,5.655000209808349609e+00,2.245736271142959595e-01
1.352626723030231659e+01,-5.088390158571975519e+00,5.638758736373125302e+00,-1.288043084015042750e+00,1.400275008793502884e+01,-4.234559776519662755e+00,5.689638453706902688e+00,-1.283238314234669275e+00,1.368266396708050259e+01,-4.575511526849761701e+00,5.625673980601402668e+00,-1.318068341849107927e+00,1.409500753875863133e+01,-3.424225376052854930e+00,5.514000000000000234e+00,-1.252999999999999892e+00,5.655000209808349609e+00,2.245736271142959595e-01
1.353825223420751733e+01,-1.122912691303078914e+00,5.273544419958182239e+00,-1.184802312099458188e+00,1.424523136514064348e+01,-4.707318361034672272e+00,5.625673980601402668e+00,-1.318068341849107927e+00,1.405253776363998597e+01,-3.253263341465934211e+00,5.510176686660785528e+00,-1.280304390662181158e+00,1.472273504721608184e+01,-3.566727446574739613e+00,5.357000000000000206e+00,-1.197000000000000064e+00,5.489999771118164062e+00,2.209994345903396606e-01
1.472691607475139364e+01,-3.320571527958918079e+00,5.286383485551049866e+00,-1.159265105287168973e+00,1.460355543230606479e+01,-3.381293780532152127e+00,5.510176686660785528e+00,-1.280304390662181158e+00,1.466004126769093219e+01,-3.356674434287479691e+00,5.403445425164772331e+00,-1.192194336615867156e+00,1.533474981803036208e+01,-3.703238771675551266e+00,5.280999999999999694e+00,-1.143999999999999906e+00,5.402999877929687500e+00,2.158755213022232056e-01
1.695811116739455926e+01,-3.462168739696168007e+00,5.362090815992267778e+00,-1.125799309062785136e+00,1.520038581020740942e+01,-3.475893867949066518e+00,5.403445425164772331e+00,-1.192194336615867156e+00,1.576131188563286756e+01,-3.467424304894795029e+00,5.282815942154975630e+00,-1.172544368811103244e+00,1.584462797639383602e+01,-3.813574003275338686e+00,5.408000000000000362e+00,-1.135000000000000009e+00,5.526000022888183594e+00,2.069493681192398071e-01
1.535673666015631156e+01,-2.521594451240390722e+00,5.429405279272173424e+00,-1.049981254066873371e+00,1.628959347984836370e+01,-3.584678741775905397e+00,5.282815942154975630e+00,-1.172544368811103244e+00,1.569035975057759380e+01,-3.159810000623316739e+00,5.282834428049905107e+00,-1.046466101342181876e+00,1.646972715857025449e+01,-3.939673827872212097e+00,5.472000000000000419e+00,-1.058999999999999941e+00,5.573999881744384766e+00,1.910297572612762451e-01
1.657284945259799969e+01,-2.216555642295916062e+00,5.232246769330775038e+00,-9.895537951528518006e-01,1.621864319338258298e+01,-3.264456610757534794e+00,5.282834428049905107e+00,-1.046466101342181876e+00,1.633570234199867599e+01,-2.838570744890827502e+00,5.239458570897006062e+00,-1.030111353950973863e+00,1.710175192331735161e+01,-4.060640262166646863e+00,5.506000000000000227e+00,-1.038999999999999924e+00,5.603000164031982422e+00,1.869182437658309937e-01
1.657284945259799969e+01,-2.216555642295916062e+00,5.629210008302179880e+00,-1.064629856542549158e+00,1.685964819908837597e+01,-2.941581880285924822e+00,5.239458570897006062e+00,-1.030111353950973863e+00,1.671418047293473208e+01,-2.652183235547861173e+00,5.419511059938354691e+00,-1.027920776419081417e+00,1.710175192331735161e+01,-4.060640262166646863e+00,5.376000000000000334e+00,-1.006999999999999895e+00,5.469999790191650391e+00,1.869182437658309937e-01
1.924829542607620780e+01,-3.384683356824555567e+00,5.458080150444189371e+00,-1.080489941936292775e+00,1.725613157892856719e+01,-2.754975313189769182e+00,5.419511059938354691e+00,-1.027920776419081417e+00,1.788651854437179267e+01,-3.011709606572920084e+00,5.314522858812908979e+00,-1.043186940703371590e+00,1.833217299010302526e+01,-4.293618844997422634e+00,5.336000000000000298e+00,-1.020999999999999908e+00,5.433000087738037109e+00,1.954347342252731323e-01
2.070241713557104646e+01,-6.500157282745508525e+00,5.413960634247982462e+00,-1.165536543338571818e+00,1.841797083025308268e+01,-3.116028300643257420e+00,5.314522858812908979e+00,-1.043186940703371590e+00,1.993331094651394864e+01,-4.467693530570072014e+00,5.558655702308604063e+00,-1.254528181094445971e+00,1.884054815784391579e+01,-4.397213862822566988e+00,5.378999999999999559e+00,-1.112000000000000099e+00,5.493000030517578125e+00,2.120471447706222534e-01
2.070241713557104646e+01,-6.500157282745508525e+00,5.167604576051009424e+00,-1.112500142097486711e+00,2.048917651674480922e+01,-4.593146348679516322e+00,5.558655702308604063e+00,-1.254528181094445971e+00,2.059290085726261665e+01,-5.357371496831767388e+00,5.374757474714234817e+00,-1.211581138461235607e+00,1.884054815784391579e+01,-4.397213862822566988e+00,5.365000000000000213e+00,-1.179999999999999938e+00,5.493000030517578125e+00,2.120471447706222534e-01
1.832578623262590511e+01,-4.532567389910137301e+00,5.205483528819771166e+00,-1.306763688183143701e+00,2.113037660473403889e+01,-5.478529610677891348e+00,5.374757474714234817e+00,-1.211581138461235607e+00,1.926691082696049406e+01,-5.101096658317880284e+00,5.048116516046252222e+00,-1.244300439338490438e+00,1.945475637914377032e+01,-4.537550376954728293e+00,5.243999999999999773e+00,-1.465999999999999970e+00,5.445000171661376953e+00,2.459534704685211182e-01
2.005465377198535748e+01,-6.024301336548594676e+00,5.188204766381915967e+00,-1.501110438751967591e+00,1.977172247856512044e+01,-5.225526702251729105e+00,5.048116516046252222e+00,-1.244300439338490438e+00,1.984953782016896184e+01,-5.559567179018087835e+00,5.091338787698805213e+00,-1.319952605205921614e+00,2.005946600472059416e+01,-4.700165437548071701e+00,5.230999999999999872e+00,-1.530999999999999917e+00,5.451000213623046875e+00,2.816405594348907471e-01
2.005465377198535748e+01,-6.024301336548594676e+00,5.085420605201928623e+00,-1.471371755675038528e+00,2.035867169893884210e+01,-5.691562439538680351e+00,5.091338787698805213e+00,-1.319952605205921614e+00,2.015826849661065978e+01,-5.824889769338024159e+00,5.062249254613178095e+00,-1.439627169789100103e+00,2.005946600472059416e+01,-4.700165437548071701e+00,5.253000000000000114e+00,-1.453999999999999959e+00,5.451000213623046875e+00,2.816405594348907471e-01
2.102113908555580934e+01,-9.139513240477888933e-01,5.425246391274968438e+00,-9.511910740460646219e-01,2.066449342207197759e+01,-5.968852486316934325e+00,5.062249254613178095e+00,-1.439627169789100103e+00,2.074608598036014584e+01,-3.905019037358514300e+00,5.197541411132278633e+00,-1.297409206467474263e+00,2.116705572600266905e+01,-4.982879565444052083e+00,5.318999999999999950e+00,-1.016999999999999904e+00,5.414999961853027344e+00,1.735627353191375732e-01
2.317315936059445391e+01,-2.172177003216197111e+00,5.444452837086409147e+00,-2.867731573452201310e-01,2.126584012147337432e+01,-4.034759958005261993e+00,5.197541411132278633e+00,-1.297409206467474263e+00,2.254514217835485468e+01,-3.287930440357685669e+00,5.491285498015746391e+00,-5.118340079640149032e-01,2.179083311541045731e+01,-5.062884973153127355e+00,5.551999999999999602e+00,-4.309999999999999942e-01,5.568999767303466797e+00,5.262390896677970886e-02
2.317315936059445391e+01,-2.172177003216197111e+00,5.269694902333824871e+00,-2.775682131167110378e-01,2.309427072815643101e+01,-3.339113841154087048e+00,5.491285498015746391e+00,-5.118340079640149032e-01,2.313959613200132637e+01,-2.857318883805933130e+00,5.389832097437633252e+00,-4.430296955197953190e-01,2.179083311541045731e+01,-5.062884973153127355e+00,5.378000000000000114e+00,4.530000000000000138e-01,5.396999835968017578e+00,5.262390896677970886e-02
2.449582087966527055e+01,-2.883260416093933021e+00,5.359414932665464093e+00,5.139316005035118318e-01,2.367857934174508827e+01,-2.901621853357912784e+00,5.389832097437633252e+00,-4.430296955197953190e-01,2.421121274935345014e+01,-2.891358597715346868e+00,5.444561582333242278e+00,2.365966666921531791e-01,2.242315733429112612e+01,-5.052125857359039074e+00,5.370000000000000107e+00,5.440000000000000391e-01,5.396999835968017578e+00,-9.560091048479080200e-02
2.038951742626039376e+01,-5.504483924300017428e+00,5.624744582764315659e+00,3.228039674463693554e-01,2.475566890758677374e+01,-2.867698931046131605e+00,5.444561582333242278e+00,2.365966666921531791e-01,2.333260393915308128e+01,-3.929231629059571684e+00,5.806291574559511837e+00,2.633620796564137279e-01,2.304614889604649264e+01,-4.993824408796573522e+00,5.392999999999999794e+00,4.900000000000000189e-02,5.393000125885009766e+00,-5.732709541916847229e-02
2.583824551150929238e+01,-3.041943772557601511e-01,5.267088209347973837e+00,-9.801592356361660263e-02,2.391323309660903362e+01,-3.902895421093930395e+00,5.806291574559511837e+00,2.633620796564137279e-01,2.511545501663624336e+01,-2.467033659335946094e+00,5.690227580599970914e+00,1.394015856047830515e-01,2.367129957673460794e+01,-4.987511562380706032e+00,5.432999999999999829e+00,-3.899999999999999994e-02,5.433000087738037109e+00,1.860698126256465912e-02
2.400979547240569545e+01,-4.354347573021444262e+00,5.549416879119760893e+00,2.255819142254381071e-01,2.568447777469624072e+01,-2.453093500775467728e+00,5.690227580599970914e+00,1.394015856047830515e-01,2.515646400088074941e+01,-3.217453431549803344e+00,5.738597319094513871e+00,1.658121024177739433e-01,2.418940889811814543e+01,-4.988970683225707248e+00,5.450000000000000178e+00,5.999999999999999778e-01,5.482999801635742188e+00,-4.062729328870773315e-02
2.400979547240569545e+01,-4.354347573021444262e+00,5.458899989094967431e+00,1.023389372303565192e+00,2.573032373279020035e+01,-3.200872221308026067e+00,5.738597319094513871e+00,1.658121024177739433e-01,2.457273440893665395e+01,-3.658830557360313041e+00,5.441221315358141020e+00,7.318032696284064720e-01,2.418940889811814543e+01,-4.988970683225707248e+00,5.450000000000000178e+00,5.999999999999999778e-01,5.482999801635742188e+00,-1.853206306695938110e-01
2.554074161525121411e+01,-4.922505961938560048e+00,5.393548552689343190e+00,1.958131008558530617e+00,2.511685654047246885e+01,-3.585650230397472438e+00,5.441221315358141020e+00,7.318032696284064720e-01,2.525815043847433117e+01,-4.071743265903429609e+00,5.392628992518302411e+00,1.095489866486384134e+00,2.542713701705561391e+01,-4.768649266508181661e+00,5.227999999999999758e+00,1.897999999999999909e+00,5.561999797821044922e+00,-3.482535481452941895e-01
2.652952110736165992e+01,-1.933514521989792678e+00,4.515937847858181975e+00,2.624125544311908254e+00,2.579741333772616230e+01,-3.962194279254791063e+00,5.392628992518302411e+00,1.095489866486384134e+00,2.618051224046549663e+01,-3.147456281150691648e+00,4.995543359430934416e+00,2.254690790714971804e+00,2.600610411183002668e+01,-4.508934186672298061e+00,4.645999999999999908e+00,2.700000000000000178e+00,5.374000072479248047e+00,-5.263922810554504395e-01
2.652952110736165992e+01,-1.933514521989792678e+00,4.751980343107975457e+00,2.761285346372044369e+00,2.668006657640858847e+01,-2.921987202079194379e+00,4.995543359430934416e+00,2.254690790714971804e+00,2.665295376338597322e+01,-2.500297372890253111e+00,4.899857000029499865e+00,2.404202645295312912e+00,2.600610411183002668e+01,-4.508934186672298061e+00,4.612000000000000099e+00,3.212000000000000188e+00,5.619999885559082031e+00,-5.263922810554504395e-01
2.782523298259275535e+01,-3.145041512017175744e+00,4.490221819627342015e+00,3.481814732470953633e+00,2.714293946338892383e+01,-2.259877108360721643e+00,4.899857000029499865e+00,2.404202645295312912e+00,2.754450006121266625e+01,-2.610024523820563935e+00,4.744274405718186038e+00,3.136179234358542622e+00,2.644331133354873842e+01,-4.221376822573923882e+00,4.358999999999999986e+00,3.548000000000000043e+00,5.619999885559082031e+00,-6.595733761787414551e-01
2.649308788819815774e+01,-4.612493262946824046e+00,3.780626709784932427e+00,3.791065636678880413e+00,2.801892750178448566e+01,-2.296406600384709673e+00,4.744274405718186038e+00,3.136179234358542622e+00,2.760965819534180810e+01,-3.203312594768102262e+00,4.427980419927139977e+00,3.331151668358758755e+00,2.692199480528888245e+01,-3.805563853849527334e+00,3.559000000000000163e+00,4.046999999999999709e+00,5.388999938964843750e+00,-7.867768406867980957e-01
2.694972020379574573e+01,1.154505444992391272e+00,3.513872816484327366e+00,4.220753837987907708e+00,2.805245623733452121e+01,-2.870197427932226208e+00,4.427980419927139977e+00,3.331151668358758755e+00,2.723143979295599948e+01,-1.260400693320143928e+00,3.849390220580166666e+00,4.110420898320754191e+00,2.733836805846424767e+01,-3.353491590495788266e+00,3.456999999999999851e+00,4.266000000000000014e+00,5.491000175476074219e+00,-8.765367269515991211e-01
2.694972020379574573e+01,1.154505444992391272e+00,3.606006440618581887e+00,4.331421858141654369e+00,2.761637881501401637e+01,-8.493586034880684643e-01,3.849390220580166666e+00,4.110420898320754191e+00,2.742154844392987201e+01,-3.000700652263077473e-02,3.788460352808103782e+00,4.174903466388683704e+00,2.733836805846424767e+01,-3.353491590495788266e+00,3.299999999999999822e+00,4.387999999999999901e+00,5.491000175476074219e+00,-8.765367269515991211e-01
2.925081992156679433e+01,-5.100756572745526185e+00,3.112406001288552382e+00,4.844325721607865454e+00,2.780039447921068074e+01,3.874833401162376401e-01,3.788460352808103782e+00,4.174903466388683704e+00,2.867479295917203075e+01,-1.801931763537580222e+00,3.560738930497534316e+00,4.447881987210242194e+00,2.808647215397595076e+01,-2.328421996892260371e+00,3.091000000000000192e+00,4.666000000000000369e+00,5.597000122070312500e+00,-9.997223019599914551e-01
2.978355193112750499e+01,-2.690160685963434162e+00,2.979166502832018892e+00,4.939067968818927845e+00,2.903086685222178431e+01,-1.357143564816555958e+00,3.560738930497534316e+00,4.447881987210242194e+00,2.932661105240556410e+01,-1.874076047973736170e+00,3.258285983943723707e+00,4.593927027225186421e+00,2.836672461009011315e+01,-1.880116397691031560e+00,2.865000000000000213e+00,4.698999999999999844e+00,5.504000186920166016e+00,-1.028038978576660156e+00
2.978355193112750499e+01,-2.690160685963434162e+00,2.733829510140357577e+00,4.532331359429066175e+00,2.965243965079993771e+01,-1.414683345251217528e+00,3.258285983943723707e+00,4.593927027225186421e+00,2.968098051547852734e+01,-1.924172701011460207e+00,2.993638584105416278e+00,4.503288220562835065e+00,2.836672461009011315e+01,-1.880116397691031560e+00,2.744000000000000217e+00,4.676000000000000156e+00,5.421000003814697266e+00,-1.028038978576660156e+00
2.881419496222720866e+01,5.817253725196618319e-01,2.719405772042228442e+00,4.656017438341871539e+00,2.998034437388906781e+01,-1.473843878955176656e+00,2.993638584105416278e+00,4.503288220562835065e+00,2.962538181367036572e+01,-6.366100693756714390e-01,2.953374115798173438e+00,4.547534455865656078e+00,2.868490421755603137e+01,-1.344171630589962918e+00,2.716000000000000192e+00,4.692000000000000171e+00,5.421000003814697266e+00,-1.042177915573120117e+00
2.697329103980578680e+01,-4.473202036510712354e+00,2.775970567157777680e+00,4.890001844629201955e+00,2.992071922525018479e+01,-1.818566237891058313e-01,2.953374115798173438e+00,4.547534455865656078e+00,2.797591574237809198e+01,-1.894350704840106481e+00,2.597979710245467810e+00,4.632588796913220008e+00,2.899875032947683451e+01,-8.004653920666243705e-01,2.734999999999999876e+00,4.855999999999999872e+00,5.572999954223632812e+00,-1.054478406906127930e+00
3.357435190706485884e+01,3.740959240767926186e+00,2.709619622853811194e+00,4.839016174984145380e+00,2.823571371340263880e+01,-1.431091825148784524e+00,2.597979710245467810e+00,4.632588796913220008e+00,2.996266338695413367e+01,6.676492825508819617e-01,2.285834202003985460e+00,4.691262613290314576e+00,2.931275045843045746e+01,-2.428783636476367636e-01,2.704000000000000181e+00,4.815000000000000391e+00,5.521999835968017578e+00,-1.060344099998474121e+00
2.634752070891995857e+01,-1.459150241372282109e+00,2.774282461552573853e+00,4.884060501323478576e+00,3.019124680715453124e+01,1.136775543879913419e+00,2.285834202003985460e+00,4.691262613290314576e+00,2.773398848244776715e+01,1.008075760740112514e-01,2.201051249781941443e+00,4.732519968232567820e+00,2.957235348233484729e+01,2.188087245222455068e-01,2.754000000000000004e+00,4.775000000000000355e+00,5.521999835968017578e+00,-1.054217576980590820e+00
3.076015329360743422e+01,3.351486278425747312e+00,2.774282461552573853e+00,4.884060501323478576e+00,2.795409360742596050e+01,5.740595728972680556e-01,2.201051249781941443e+00,4.732519968232567820e+00,2.881727987392135759e+01,1.702890576334558315e+00,2.259195637290098091e+00,4.776073840438576745e+00,2.957235348233484729e+01,2.188087245222455068e-01,2.754000000000000004e+00,4.775000000000000355e+00,5.512000083923339844e+00,-1.054217576980590820e+00
2.697970521459610538e+01,2.088596655425935644e+00,2.875199696354711953e+00,4.862553814860416601e+00,2.904319943765036882e+01,2.180497960378415812e+00,2.259195637290098091e+00,4.776073840438576745e+00,2.776274446037157517e+01,2.144066447860028646e+00,2.399880680348473128e+00,4.834048197590259832e+00,3.020672094849695100e+01,1.312552285976307020e+00,2.822999999999999954e+00,4.769000000000000128e+00,5.541999816894531250e+00,-1.036802768707275391e+00
2.930990970157698428e+01,4.031520201754151600e+00,2.872273289071181512e+00,4.568025959301360572e+00,2.800273252840642257e+01,2.627471267619054807e+00,2.399880680348473128e+00,4.834048197590259832e+00,2.838713242426042882e+01,3.183023264117876394e+00,2.515600977100936220e+00,4.754629716057650946e+00,3.053574287909339446e+01,1.855467154315272094e+00,2.923999999999999932e+00,4.650999999999999801e+00,5.493999958038330078e+00,-1.009485006332397461e+00
2.930990970157698428e+01,4.031520201754151600e+00,2.824366752920353107e+00,4.491836029328520219e+00,2.863869252197052262e+01,3.658486235723641400e+00,2.515600977100936220e+00,4.754629716057650946e+00,2.911037513209289074e+01,3.806634589895552256e+00,2.738311021772513065e+00,4.581908941375679944e+00,3.053574287909339446e+01,1.855467154315272094e+00,2.955999999999999961e+00,4.573000000000000398e+00,5.445000171661376953e+00,-1.009485006332397461e+00
3.296425497573239483e+01,2.386282219085792411e-01,2.841013466924249720e+00,4.306265511344381736e+00,2.938420623427014178e+01,4.264825484033120340e+00,2.738311021772513065e+00,4.581908941375679944e+00,3.054190506141645045e+01,2.625990027503051216e+00,2.539277037579144025e+00,4.502203182001517590e+00,3.081831467120671419e+01,2.296633316137693726e+00,3.020999999999999908e+00,4.530000000000000249e+00,5.445000171661376953e+00,-9.876047968864440918e-01
3.046431905023537823e+01,2.287657512034138030e+00,3.099592278559121006e+00,4.397377506887595544e+00,3.079583276517436374e+01,3.076210345703203064e+00,2.539277037579144025e+00,4.502203182001517590e+00,3.064021500757310079e+01,2.761018537867894640e+00,2.805055476736369791e+00,4.398812109048500396e+00,3.117328703435499904e+01,2.819520547014999323e+00,3.170999999999999819e+00,4.365000000000000213e+00,5.394999980926513672e+00,-9.568074345588684082e-01
3.356354320049281625e+01,6.439893318115234244e+00,3.326875587100916132e+00,4.541893890939844525e+00,3.092072055524673857e+01,3.200899748772744857e+00,2.805055476736369791e+00,4.398812109048500396e+00,3.173676984218908359e+01,4.515843318560292197e+00,2.850725909887884324e+00,4.439644065517073024e+00,3.154227793201934205e+01,3.333103730056213632e+00,3.229000000000000092e+00,4.391000000000000014e+00,5.449999809265136719e+00,-9.385984539985656738e-01
3.356354320049281625e+01,6.439893318115234244e+00,3.258475589052526544e+00,4.409719226922092616e+00,3.202184243317787349e+01,4.959807725111999410e+00,2.850725909887884324e+00,4.439644065517073024e+00,3.307210798019479370e+01,5.550717267788096265e+00,3.203734046023414717e+00,4.472879942702764566e+00,3.191290676583079744e+01,3.835951877818747136e+00,3.238999999999999879e+00,4.383000000000000007e+00,5.449999809265136719e+00,-9.344174861907958984e-01
2.915951454628689632e+01,3.951204075296158802e+00,3.247581743896367890e+00,4.417748254648357964e+00,3.339248138479713646e+01,5.998005262058372367e+00,3.203734046023414717e+00,4.472879942702764566e+00,3.200801560883286356e+01,5.168614155975247648e+00,3.511583012246831448e+00,4.457523465030078569e+00,3.228599035730329092e+01,4.340936734266668040e+00,3.262999999999999901e+00,4.458000000000000185e+00,5.525000095367431641e+00,-9.368856549263000488e-01
2.915951454628689632e+01,3.951204075296158802e+00,3.367818720160351997e+00,4.581308938850603418e+00,3.235917391005754951e+01,5.614366502478255860e+00,3.511583012246831448e+00,4.457523465030078569e+00,3.025588459204657710e+01,4.950641477284842829e+00,3.149073255832035123e+00,4.484143161500991681e+00,3.228599035730329092e+01,4.340936734266668040e+00,3.262999999999999901e+00,4.458000000000000185e+00,5.525000095367431641e+00,-9.368856549263000488e-01
3.238447207241839010e+01,6.972007943950417896e+00,3.136069802908275861e+00,4.554774254753712448e+00,3.057079191762977999e+01,5.399055793434942352e+00,3.149073255832035123e+00,4.484143161500991681e+00,3.116369271943861463e+01,6.037682225433994354e+00,3.019492445091970900e+00,4.504311744925663774e+00,3.295638263266024381e+01,5.281932427212987058e+00,3.105999999999999872e+00,4.487000000000000099e+00,5.456999778747558594e+00,-9.678142070770263672e-01
3.238447207241839010e+01,6.972007943950417896e+00,3.076524165181696802e+00,4.468291186855033459e+00,3.146564196394781021e+01,6.488113399926560554e+00,3.019492445091970900e+00,4.504311744925663774e+00,3.207125647717410999e+01,6.681223156288205622e+00,3.131972796729287190e+00,4.496562978676246658e+00,3.295638263266024381e+01,5.281932427212987058e+00,3.047000000000000153e+00,4.512999999999999901e+00,5.445000171661376953e+00,-9.678142070770263672e-01
3.242522013184474616e+01,9.983749939001347329e+00,3.132797066751525250e+00,4.650164526861233050e+00,3.238445375684703720e+01,7.130879454155830466e+00,3.131972796729287190e+00,4.496562978676246658e+00,3.239768735598980243e+01,8.290282557904337324e+00,3.129539409659054527e+00,4.540691436988824492e+00,3.330889666081088052e+01,5.799128128827913287e+00,3.033999999999999808e+00,4.522000000000000242e+00,5.445000171661376953e+00,-9.779430627822875977e-01
3.242522013184474616e+01,9.983749939001347329e+00,3.041165385275093058e+00,4.514151122335101185e+00,3.271064129695570699e+01,8.744351701603219951e+00,3.129539409659054527e+00,4.540691436988824492e+00,3.251489384750649236e+01,9.239164658416761711e+00,3.057309642243450920e+00,4.567471295029730705e+00,3.330889666081088052e+01,5.799128128827913287e+00,3.028999999999999915e+00,4.559000000000000163e+00,5.473000049591064453e+00,-9.779430627822875977e-01
3.496645128766659383e+01,1.095980651558208763e+01,2.957583916473528696e+00,4.550277669975074879e+00,3.282062481173083768e+01,9.695911787919735403e+00,3.057309642243450920e+00,4.567471295029730705e+00,3.352986796705248196e+01,1.020580123542733197e+01,2.867175756461549874e+00,4.561785000385072841e+00,3.395034468200440614e+01,6.767630173206301336e+00,3.000000000000000000e+00,4.580000000000000071e+00,5.473999977111816406e+00,-9.944360256195068359e-01
3.573339986775757637e+01,8.206165803392901026e+00,2.979634724994332018e+00,4.469917587803954540e+00,3.381658554269863970e+01,1.066197973546583988e+01,2.867175756461549874e+00,4.561785000385072841e+00,3.507899463255514405e+01,9.681086860117943615e+00,3.098652796027334677e+00,4.406232447622424608e+00,3.429774415463750614e+01,7.298162056084687599e+00,3.045999999999999819e+00,4.573999999999999844e+00,5.494999885559082031e+00,-9.828417897224426270e-01
3.573339986775757637e+01,8.206165803392901026e+00,3.277492249834450977e+00,4.640237946072719666e+00,3.538885991215787641e+01,1.012171010488018652e+01,3.098652796027334677e+00,4.406232447622424608e+00,3.548580416795174131e+01,9.358089741422114471e+00,3.152339435280607560e+00,4.476413564334817075e+00,3.429774415463750614e+01,7.298162056084687599e+00,3.103000000000000203e+00,4.535000000000000142e+00,5.494999885559082031e+00,-9.558414220809936523e-01
3.212169730682845881e+01,4.810323549445221225e+00,3.415957121690821552e+00,4.713308720787140693e+00,3.580103811147980508e+01,9.805731097855595380e+00,3.152339435280607560e+00,4.476413564334817075e+00,3.342990006095881483e+01,7.811780227886998773e+00,2.960744522497648301e+00,4.460656414376226842e+00,3.501882159739892586e+01,8.329428269346445646e+00,3.212000000000000188e+00,4.432999999999999829e+00,5.474999904632568359e+00,-9.436538815498352051e-01
3.212169730682845881e+01,4.810323549445221225e+00,3.209978426486853387e+00,4.429101060732943296e+00,3.372597451320857687e+01,8.257845869324620836e+00,2.960744522497648301e+00,4.460656414376226842e+00,3.318028929492326284e+01,6.863565041598702621e+00,3.178608435623498707e+00,4.452940373954491271e+00,3.501882159739892586e+01,8.329428269346445646e+00,3.212000000000000188e+00,4.432999999999999829e+00,5.474999904632568359e+00,-9.436538815498352051e-01
3.455783939341470301e+01,9.482686294726580201e+00,2.900989278252517511e+00,4.120167782198270068e+00,3.349815013848561307e+01,7.308859078994151659e+00,3.178608435623498707e+00,4.452940373954491271e+00,3.415921100832542123e+01,8.175853522570012188e+00,3.127434967865459825e+00,4.296839718207897008e+00,3.538654875794294696e+01,8.842610908877766462e+00,3.069999999999999840e+00,4.416999999999999815e+00,5.379000186920166016e+00,-9.573273658752441406e-01
3.605025991809316821e+01,1.032588620341763885e+01,3.170682669646262664e+00,4.591641379394130418e+00,3.447195450511196668e+01,8.605537494390802067e+00,3.127434967865459825e+00,4.296839718207897008e+00,3.498381389288773136e+01,9.313593075213248085e+00,3.037700363195736664e+00,4.383304818887165055e+00,3.568412339686021539e+01,9.268951965896775391e+00,3.049999999999999822e+00,4.429999999999999716e+00,5.379000186920166016e+00,-9.664519429206848145e-01
3.846708232161959273e+01,8.866718245546005406e+00,3.061441864181964068e+00,4.498005618736811151e+00,3.528758392920730813e+01,9.751923557101964235e+00,3.037700363195736664e+00,4.383304818887165055e+00,3.736347313341823906e+01,9.398810570102215323e+00,3.336260991685373600e+00,4.432107877818495467e+00,3.603883534677304112e+01,9.786097122886424415e+00,3.029999999999999805e+00,4.455000000000000071e+00,5.388000011444091797e+00,-9.731944203376770020e-01
3.697364442069787316e+01,1.125390072056870849e+01,2.907568324399154136e+00,4.322005158656647694e+00,3.769709923258677975e+01,9.842021357884064514e+00,3.336260991685373600e+00,4.432107877818495467e+00,3.749797395462694283e+01,1.040760691940059957e+01,3.200707872613398841e+00,4.398845911245074625e+00,3.638859175133689661e+01,1.030174119638108365e+01,3.016000000000000014e+00,4.495000000000000107e+00,5.413000106811523438e+00,-9.786036610603332520e-01
3.697364442069787316e+01,1.125390072056870849e+01,3.038740822669133035e+00,4.516988784471831941e+00,3.781804474188827925e+01,1.084749151052510641e+01,3.200707872613398841e+00,4.398845911245074625e+00,3.724995883581482303e+01,1.101013337726222296e+01,3.039256039730942938e+00,4.497622468699950637e+00,3.638859175133689661e+01,1.030174119638108365e+01,2.972999999999999865e+00,4.522999999999999687e+00,5.413000106811523438e+00,-9.786036610603332520e-01
4.024179264921666288e+01,1.223235680035955397e+01,2.434488854654845102e+00,4.632229586331084725e+00,3.755388443978791457e+01,1.145989562413221741e+01,3.039256039730942938e+00,4.497622468699950637e+00,3.848484143409311287e+01,1.177792126811286977e+01,2.592974573250298675e+00,4.537108789582281254e+00,3.700980898724242252e+01,1.127826554884629395e+01,2.597999999999999865e+00,4.684000000000000163e+00,5.355999946594238281e+00,-1.086914777755737305e+00
4.024179264921666288e+01,1.223235680035955397e+01,2.495897695988889886e+00,4.749075408461662207e+00,3.874413889141814593e+01,1.223163214707109780e+01,2.592974573250298675e+00,4.537108789582281254e+00,3.971014354606883501e+01,1.223257070080618014e+01,2.676596691040420417e+00,4.687522787027680771e+00,3.700980898724242252e+01,1.127826554884629395e+01,2.255999999999999783e+00,4.857999999999999652e+00,5.355999946594238281e+00,-1.086914777755737305e+00
3.397843796047012432e+01,1.121679974923035417e+01,1.793853764883800217e+00,5.241534913319166655e+00,3.997780321517287661e+01,1.270132297950894795e+01,2.676596691040420417e+00,4.687522787027680771e+00,3.809361635815427860e+01,1.212594616119521795e+01,2.708039609741191622e+00,4.852239063868774238e+00,3.726020127513980640e+01,1.183747441919424404e+01,1.147000000000000020e+00,5.413999999999999702e+00,5.533999919891357422e+00,-1.241052865982055664e+00
3.865687108086024182e+01,9.634780241821271574e+00,9.856533702062661995e-01,5.403844628509145487e+00,3.836442031912839923e+01,1.261117006758209591e+01,2.708039609741191622e+00,4.852239063868774238e+00,3.836912511942497872e+01,1.142438096573926387e+01,1.825568608323662412e+00,5.134064338667322147e+00,3.742390572997805975e+01,1.243170030313344832e+01,6.330000000000000071e-01,5.307000000000000384e+00,5.344999790191650391e+00,-1.390381097793579102e+00
3.635136681823351523e+01,1.474408419279894211e+01,-2.131819347345043913e-01,5.483857815585692741e+00,3.855168198025734227e+01,1.193778739960599644e+01,1.825568608323662412e+00,5.134064338667322147e+00,3.800946872481498673e+01,1.308701777668438559e+01,1.096049490364306989e+00,5.236297678986815640e+00,3.748448687781423416e+01,1.304828794194383512e+01,-6.750000000000000444e-01,5.426000000000000156e+00,5.467999935150146484e+00,-1.609651207923889160e+00
3.841659772392227978e+01,1.378779148863622517e+01,-1.251585503281436473e+00,5.239590025199092338e+00,3.811907367385141754e+01,1.361064754458306680e+01,1.096049490364306989e+00,5.236297678986815640e+00,3.805961439149646708e+01,1.368139156616387275e+01,-1.159067518408811726e-01,5.245152446858267759e+00,3.740087044206988764e+01,1.366704423504033272e+01,-1.151000000000000023e+00,5.346000000000000085e+00,5.467999935150146484e+00,-1.805273413658142090e+00
3.764809110731606978e+01,9.985932900030343617e+00,-1.549889750308748981e+00,4.887122801350860968e+00,3.804802371631237889e+01,1.420590681084969908e+01,-1.159067518408811726e-01,5.245152446858267759e+00,3.804176643994786389e+01,1.248515048159909568e+01,-7.080200800270897155e-01,5.141147514943169128e+00,3.726711350694520775e+01,1.415379579210606842e+01,-1.582999999999999963e+00,4.993999999999999773e+00,5.238999843597412109e+00,-1.877900481224060059e+00
3.764809110731606978e+01,9.985932900030343617e+00,-1.704062590126914856e+00,5.373261638435419485e+00,3.797096443194515558e+01,1.299926523309341242e+01,-7.080200800270897155e-01,5.141147514943169128e+00,3.765296918066891863e+01,1.179674639422515625e+01,-1.262707242721311962e+00,5.194938629040608546e+00,3.726711350694520775e+01,1.415379579210606842e+01,-1.806999999999999940e+00,5.298000000000000043e+00,5.598000049591064453e+00,-1.877900481224060059e+00
3.317540380376033937e+01,1.714194138211447438e+01,-1.828248001063828676e+00,5.240230086910605323e+00,3.752669845639678670e+01,1.231624025712921622e+01,-1.262707242721311962e+00,5.194938629040608546e+00,3.615311697197603991e+01,1.426794710589519433e+01,-1.207184532554594902e+00,5.206071267529097213e+00,3.706446060583844826e+01,1.475702722202459327e+01,-1.764999999999999902e+00,5.317000000000000171e+00,5.550000190734863281e+00,-1.906479239463806152e+00
3.317540380376033937e+01,1.714194138211447438e+01,-1.612327009343906603e+00,5.379578011878574095e+00,3.603239851872058352e+01,1.478855423264810476e+01,-1.207184532554594902e+00,5.206071267529097213e+00,3.412620284051758546e+01,1.572879792474257776e+01,-1.678504080798734144e+00,5.415776472026728072e+00,3.686103269501454349e+01,1.536690766929004681e+01,-1.375999999999999890e+00,5.376999999999999780e+00,5.550000190734863281e+00,-1.861989378929138184e+00
3.658482970274767609e+01,1.569751240131534331e+01,-1.108628005752189782e+00,5.524868462177200179e+00,3.395835243243771373e+01,1.627037557194525164e+01,-1.678504080798734144e+00,5.415776472026728072e+00,3.476770845533282994e+01,1.604373028015981362e+01,-1.613347119816146868e+00,5.448343501992896520e+00,3.669958495386540420e+01,1.598264558514257416e+01,-1.086000000000000076e+00,5.418000000000000149e+00,5.526000022888183594e+00,-1.768827795982360840e+00
3.730657781650454297e+01,1.447658689184630987e+01,-3.968199799736470135e-02,5.340852665516571562e+00,3.460637374335121308e+01,1.658856463035910167e+01,-1.613347119816146868e+00,5.448343501992896520e+00,3.653638548307735334e+01,1.574491839762039191e+01,-5.394697457358552661e-01,5.294359517069688437e+00,3.662528856075970651e+01,1.649936349511779099e+01,3.280000000000000138e-01,5.408999999999999808e+00,5.418000221252441406e+00,-1.578226089477539062e+00
3.447936878374512304e+01,1.705308732251445392e+01,1.488228437644985247e+00,3.021357364323388861e+00,3.648243850850376901e+01,1.627435434932736058e+01,-5.394697457358552661e-01,5.294359517069688437e+00,3.565150139662954842e+01,1.648883391664563902e+01,4.748159329491568048e-01,4.621066527278212988e+00,3.672001037763961762e+01,1.706057412802459083e+01,1.733999999999999986e+00,2.946000000000000174e+00,3.417999982833862305e+00,-1.113110780715942383e+00
3.447936878374512304e+01,1.705308732251445392e+01,9.601901753167958464e-01,1.949349699253908996e+00,3.569898298992446684e+01,1.695094056937346139e+01,4.748159329491568048e-01,4.621066527278212988e+00,3.495633350208434109e+01,1.698354520775659182e+01,6.209749967777722368e-01,2.729280072176380578e+00,3.672001037763961762e+01,1.706057412802459083e+01,1.471999999999999975e+00,1.659999999999999920e+00,2.217999935150146484e+00,-1.113110780715942383e+00
4.089034125237784423e+01,1.729153095819484776e+01,2.798470599982316731e+00,2.611923970319660171e+00,3.501843100176211721e+01,1.725647321497422837e+01,6.209749967777722368e-01,2.729280072176380578e+00,3.674982223284784766e+01,1.726546672531279114e+01,1.156730081743168270e+00,2.694520086937885139e+00,3.689341089119066197e+01,1.731533105574799691e+01,3.345000000000000195e+00,1.840999999999999970e+00,3.818000078201293945e+00,-3.354642987251281738e-01
3.814116740246604564e+01,1.521019418413356306e+01,5.417271224410887598e+00,-1.135515650276050614e+00,3.686549524102216679e+01,1.753491873400658108e+01,1.156730081743168270e+00,2.694520086937885139e+00,3.815667048999039679e+01,1.659492108643973651e+01,3.520175343839472060e+00,-1.083861467909970067e-01,3.768334078775944107e+01,1.756675965871755096e+01,5.647999999999999687e+00,-5.170000000000000151e-01,5.671999931335449219e+00,2.066188901662826538e-01
3.814116740246604564e+01,1.521019418413356306e+01,5.076673084083084930e+00,-1.064122784241509967e+00,3.850868802437434368e+01,1.658408247176063810e+01,3.520175343839472060e+00,-1.083861467909970067e-01,3.825349204969842987e+01,1.598688508317601098e+01,4.218041293935633540e+00,-3.906854458191841295e-01,3.768334078775944107e+01,1.756675965871755096e+01,4.009000000000000341e+00,-3.564000000000000057e+00,5.364999771118164062e+00,8.056914210319519043e-01
3.746120697276380440e+01,1.883987159832149416e+01,3.667384150653700381e+00,-3.819334928948614927e+00,3.867529617909199402e+01,1.594781653859409332e+01,4.218041293935633540e+00,-3.906854458191841295e-01,3.782451666919645561e+01,1.709211896499503780e+01,3.817924865687611025e+00,-2.716836371286895702e+00,3.824462723767415895e+01,1.728076989748084458e+01,3.146999999999999797e+00,-4.344999999999999751e+00,5.364999771118164062e+00,8.056914210319519043e-01
3.865062686030288575e+01,1.275373942928728432e+01,2.492690558009510671e+00,-5.045877062962496495e+00,3.820630915576521858e+01,1.682043532786634898e+01,3.817924865687611025e+00,-2.716836371286895702e+00,3.846655631882023130e+01,1.507476399339573980e+01,3.214685597167921571e+00,-3.404434384832577098e+00,3.854804670856403703e+01,1.686494119340971665e+01,1.999000000000000110e+00,-5.193999999999999950e+00,5.565000057220458984e+00,1.111955881118774414e+00
3.929965531847334148e+01,1.377701885804268933e+01,1.827756180561445065e+00,-5.309192949411094098e+00,3.878802487853702274e+01,1.473432055491248249e+01,3.214685597167921571e+00,-3.404434384832577098e+00,3.897191397990316375e+01,1.434623425954878329e+01,2.528904984212936746e+00,-4.791062443661918024e+00,3.878806245312087242e+01,1.627728326519528679e+01,1.788000000000000034e+00,-5.065000000000000391e+00,5.370999813079833984e+00,1.239241957664489746e+00
3.849929413222798047e+01,1.768111200528794669e+01,1.884506677418423592e+00,-4.998559658969553787e+00,3.922480447832445805e+01,1.386712801518259219e+01,2.528904984212936746e+00,-4.791062443661918024e+00,3.904338059300738450e+01,1.539893634676168510e+01,2.300578750242583403e+00,-4.854291112372669303e+00,3.895895087702828619e+01,1.578924615488794814e+01,2.269000000000000128e+00,-4.935999999999999943e+00,5.432000160217285156e+00,1.210264682769775391e+00
3.982579463720977486e+01,1.302399952585577125e+01,2.414882238898142575e+00,-4.943717849668508357e+00,3.927343846803164240e+01,1.491350723552441870e+01,2.300578750242583403e+00,-4.854291112372669303e+00,3.964579511752710062e+01,1.415874906443339398e+01,2.410739759476809407e+00,-4.987271979503673514e+00,3.915712940663276243e+01,1.531165750115093971e+01,2.666999999999999815e+00,-4.804999999999999716e+00,5.495999813079833984e+00,1.116411209106445312e+00
4.030384582298126617e+01,1.343463332813540312e+01,3.043532391804839143e+00,-4.519790956591358544e+00,3.988686909347477894e+01,1.366002186648302619e+01,2.410739759476809407e+00,-4.987271979503673514e+00,3.996839525987110164e+01,1.358955628308363295e+01,2.655340956160733956e+00,-4.848767217240133931e+00,3.941163480312150114e+01,1.485462243754611578e+01,3.471000000000000085e+00,-4.261000000000000121e+00,5.495999813079833984e+00,9.781610965728759766e-01
3.993211151647975754e+01,1.169171507496152351e+01,3.618831980339519028e+00,-3.709067370453646095e+00,4.023392935548717730e+01,1.310467956135961920e+01,2.655340956160733956e+00,-4.848767217240133931e+00,4.014111852055129503e+01,1.254397056337490213e+01,3.136590794304965790e+00,-4.092163303330578650e+00,3.980243551756614551e+01,1.435984094282083134e+01,4.145999999999999908e+00,-3.592999999999999972e+00,5.486999988555908203e+00,7.977114915847778320e-01
3.814767897099446969e+01,1.479814876467493079e+01,4.475897577516821713e+00,-3.466014905820364866e+00,4.045477759998178868e+01,1.213475423304184453e+01,3.136590794304965790e+00,-4.092163303330578650e+00,3.958399801480137370e+01,1.323842459276195349e+01,3.874530302352044764e+00,-3.908047274708166707e+00,4.018938124189357808e+01,1.400510175394663648e+01,4.467999999999999972e+00,-3.266000000000000014e+00,5.533999919891357422e+00,6.589183211326599121e-01
4.190379631533315319e+01,1.534920699716049342e+01,4.765606809122151510e+00,-2.753726529353596852e+00,3.997145104503658075e+01,1.284761986529113642e+01,3.874530302352044764e+00,-3.908047274708166707e+00,4.132702207774030967e+01,1.385004408869159853e+01,4.519188342376618372e+00,-2.997014595566381168e+00,4.062435162077463957e+01,1.370487363517612778e+01,4.926000000000000156e+00,-2.512000000000000011e+00,5.528999805450439453e+00,5.239610075950622559e-01
4.542179214953566913e+01,1.487616284096249331e+01,5.107787487077538380e+00,-2.186240053740223566e+00,4.177894091197796911e+01,1.355034262913495979e+01,4.519188342376618372e+00,-2.997014595566381168e+00,4.291955975969943182e+01,1.412173216255750674e+01,4.521888872379338231e+00,-2.757608872850352721e+00,4.109545385855960831e+01,1.346367509484569958e+01,5.243999999999999773e+00,-1.875000000000000000e+00,5.568999767303466797e+00,4.044266343116760254e-01
4.277970969670749923e+01,1.373765094473227855e+01,5.401701098554621439e+00,-1.579875562946207124e+00,4.337174864693736254e+01,1.384597127527247196e+01,4.521888872379338231e+00,-2.757608872850352721e+00,4.308074889113569128e+01,1.380632583490686294e+01,4.932787623249286213e+00,-1.926009866313302288e+00,4.169477331682682575e+01,1.324251897492109897e+01,5.245000000000000107e+00,-1.532999999999999918e+00,5.464000225067138672e+00,2.845411300659179688e-01
3.972802484045918447e+01,1.452351505953861732e+01,5.575248683333343003e+00,-1.237789451743136038e+00,4.357402765346061813e+01,1.361372484827553286e+01,4.932787623249286213e+00,-1.926009866313302288e+00,4.226020273330818355e+01,1.401162744837209750e+01,5.475997160728257818e+00,-1.722690263664935717e+00,4.220066511609686444e+01,1.311069829586220337e+01,5.366999999999999993e+00,-1.139000000000000012e+00,5.486000061035156250e+00,2.184715718030929565e-01
4.430180156251482515e+01,8.087145878074244010e+00,5.330722140856943625e+00,-9.685700049397910627e-01,4.280780244938100765e+01,1.383935842200560451e+01,5.475997160728257818e+00,-1.722690263664935717e+00,4.376588038033976602e+01,1.154479789941102119e+01,5.534173624673392133e+00,-1.399333902548371533e+00,4.271509516254280925e+01,1.300563008984383906e+01,5.451999999999999957e+00,-9.250000000000000444e-01,5.530000209808349609e+00,1.797350645065307617e-01
4.430180156251482515e+01,8.087145878074244010e+00,5.504870439589988784e+00,-1.000212025309100028e+00,4.431929774280710177e+01,1.140486450915618377e+01,5.534173624673392133e+00,-1.399333902548371533e+00,4.431611398116511680e+01,1.008200359483116237e+01,5.522722787921380494e+00,-1.279608519634117370e+00,4.271509516254280925e+01,1.300563008984383906e+01,5.451999999999999957e+00,-9.250000000000000444e-01,5.530000209808349609e+00,1.797350645065307617e-01
4.419509220101664937e+01,1.223288495675503640e+01,5.572211279465134837e+00,-8.115558696564573182e-01,4.486838625995725494e+01,9.954042742867750704e+00,5.522722787921380494e+00,-1.279608519634117370e+00,4.443489418657758705e+01,1.086542260712498198e+01,5.488066087126384218e+00,-8.636703967998533571e-01,4.334069454671732302e+01,1.290088803900130010e+01,5.423000000000000043e+00,-7.960000000000000409e-01,5.500000000000000000e+00,1.446265280246734619e-01
4.514410907011424001e+01,1.299822461381907601e+01,5.564907468833899529e+00,-7.777952119622691951e-01,4.498370079529022547e+01,1.077905556744499727e+01,5.488066087126384218e+00,-8.636703967998533571e-01,4.502951755798321187e+01,1.167944243089576162e+01,5.510180507677644890e+00,-8.392935550163010960e-01,4.438117706807253882e+01,1.274939210495982245e+01,5.469999999999999751e+00,-7.510000000000000009e-01,5.520999908447265625e+00,1.388682574033737183e-01
4.514410907011424001e+01,1.299822461381907601e+01,5.236103756037914003e+00,-7.318390204316084224e-01,4.558053560875097787e+01,1.159551307539413223e+01,5.510180507677644890e+00,-8.392935550163010960e-01,4.526653873068588041e+01,1.215594775733960020e+01,5.326133392851356341e+00,-7.114363118095126115e-01,4.438117706807253882e+01,1.274939210495982245e+01,5.469999999999999751e+00,-7.510000000000000009e-01,5.520999908447265625e+00,1.388682574033737183e-01
4.781930339317622725e+01,1.204056818564495046e+01,5.490789580082854116e+00,-5.862695418358054855e-01,4.579915206997101507e+01,1.208480412615864807e+01,5.326133392851356341e+00,-7.114363118095126115e-01,4.644577718312145009e+01,1.207244652117589645e+01,5.257689354523003900e+00,-6.743596377523781715e-01,4.554143488437485843e+01,1.260542352341487771e+01,5.464000000000000412e+00,-5.979999999999999760e-01,5.495999813079833984e+00,1.063702628016471863e-01
4.781930339317622725e+01,1.204056818564495046e+01,5.397321003151592578e+00,-5.762895965156811240e-01,4.697154611857374817e+01,1.200501055740065937e+01,5.257689354523003900e+00,-6.743596377523781715e-01,4.753912951530182340e+01,1.201950915367854478e+01,5.407915434177994918e+00,-6.034718047537849239e-01,4.554143488437485843e+01,1.260542352341487771e+01,5.469000000000000306e+00,-5.520000000000000462e-01,5.495999813079833984e+00,1.063702628016471863e-01
4.512223607290262350e+01,9.644669843835714573e+00,5.673853019750790594e+00,-5.347817895060995586e-01,4.807992105871961996e+01,1.195916197320316599e+01,5.407915434177994918e+00,-6.034718047537849239e-01,4.708924530027358912e+01,1.102707224814973941e+01,5.727171023712193332e+00,-5.820444284977278615e-01,4.606864798113502957e+01,1.255223138463944466e+01,5.565999999999999837e+00,-5.290000000000000258e-01,5.591000080108642578e+00,9.397609531879425049e-02
5.015433728694598159e+01,1.061161358551172462e+01,5.624364877421497155e+00,-5.161599112645781640e-01,4.766196240264481077e+01,1.096886780529996663e+01,5.727171023712193332e+00,-5.820444284977278615e-01,4.927527830232327943e+01,1.082641725404550215e+01,5.897922977676266498e+00,-5.484472417946660849e-01,4.713148748859240555e+01,1.245130117107598444e+01,5.634000000000000341e+00,-5.240000000000000213e-01,5.657999992370605469e+00,9.151577949523925781e-02
5.015433728694598159e+01,1.061161358551172462e+01,5.594490682747139232e+00,-5.134182929648624105e-01,4.986507060009090253e+01,1.077157252986603631e+01,5.897922977676266498e+00,-5.484472417946660849e-01,4.998600317507071367e+01,1.070848825913808788e+01,5.746850279174970488e+00,-5.380014265914878635e-01,4.713148748859240555e+01,1.245130117107598444e+01,5.536999999999999922e+00,-4.630000000000000226e-01,5.556000232696533203e+00,9.151577949523925781e-02
4.532590377327746012e+01,1.064213378509947638e+01,5.407028445846509435e+00,-4.412147496174385619e-01,5.056068820298821009e+01,1.065468811647893865e+01,5.746850279174970488e+00,-5.380014265914878635e-01,4.711231031867477270e+01,1.064997157858933541e+01,5.094884220097360306e+00,-4.697946418862083418e-01,4.777363741428817434e+01,1.239488370548446206e+01,5.365000000000000213e+00,-4.149999999999999800e-01,5.381000041961669922e+00,8.141983300447463989e-02
5.082725632233754709e+01,1.494088180187710435e+01,5.429635828185841895e+00,-3.952065784888277866e-01,4.762179874068451113e+01,1.060299211440071510e+01,5.094884220097360306e+00,-4.697946418862083418e-01,4.864151296971733274e+01,1.235890101754789328e+01,5.017979443396995087e+00,-4.497586306062547057e-01,4.829366266745088154e+01,1.235454805023361935e+01,5.366999999999999993e+00,-3.880000000000000115e-01,5.381000041961669922e+00,7.265880703926086426e-02
5.069613349414822778e+01,1.494042856824811061e+01,5.562438812795844179e+00,-3.740285112242961452e-01,4.914331091405703233e+01,1.231392515448726854e+01,5.017979443396995087e+00,-4.497586306062547057e-01,5.021404880009303895e+01,1.336292526351586218e+01,5.445535512550890189e+00,-2.993738895597197747e-01,4.881205713756308739e+01,1.231842000599477416e+01,5.597000000000000419e+00,-3.830000000000000071e-01,5.611000061035156250e+00,6.714075058698654175e-02
5.125432968177627657e+01,1.336694116698546964e+01,5.519624388075245136e+00,-3.844938622892321023e-01,5.075860235134813081e+01,1.333298787455989043e+01,5.445535512550890189e+00,-2.993738895597197747e-01,5.091437045463742095e+01,1.334295549182783702e+01,5.443282019552512452e+00,-3.245897992945658839e-01,4.934425985817853899e+01,1.228255613053543449e+01,5.581999999999999851e+00,-4.099999999999999756e-01,5.597000122070312500e+00,6.954707950353622437e-02
4.868295979531293938e+01,1.179152123480752756e+01,5.497516377227650075e+00,-4.128956385048564992e-01,5.145869865659267361e+01,1.331049651189838023e+01,5.443282019552512452e+00,-3.245897992945658839e-01,4.965549341627155400e+01,1.270369612952260319e+01,5.221285540200990560e+00,-4.431398167954354594e-01,4.998649656779014805e+01,1.223538644468115599e+01,5.581000000000000405e+00,-4.229999999999999871e-01,5.597000122070312500e+00,7.496510446071624756e-02
4.871047329929604075e+01,9.136576010261737935e+00,5.831862477454574645e+00,-4.728414955517129536e-01,5.017762197029165350e+01,1.265938214784305949e+01,5.221285540200990560e+00,-4.431398167954354594e-01,4.964469908876889548e+01,1.123476633378676581e+01,5.586452183357079271e+00,-4.502715675677456120e-01,5.051496660725366894e+01,1.219517381370245701e+01,5.557000000000000384e+00,-5.210000000000000187e-01,5.580999851226806641e+00,8.090201765298843384e-02
4.989487934146271897e+01,1.199516601660931059e+01,5.386804945854129834e+00,-5.898263199666260448e-01,5.020334430710460083e+01,1.118973917702999188e+01,5.586452183357079271e+00,-4.502715675677456120e-01,4.998078298415664733e+01,1.151092033639353218e+01,5.453228925670292604e+00,-5.196440023510895401e-01,5.104394495487490246e+01,1.214779336607774596e+01,5.423000000000000043e+00,-6.420000000000000151e-01,5.460999965667724609e+00,1.090601906180381775e-01
4.915990006907692589e+01,1.203619184150779908e+01,5.332187678155491994e+00,-7.941368546435987330e-01,5.052610587672367615e+01,1.145895593615842323e+01,5.453228925670292604e+00,-5.196440023510895401e-01,5.008959961781316395e+01,1.168008031290293047e+01,5.495366856142981149e+00,-6.011802691398827614e-01,5.166823446784569285e+01,1.206778772026802926e+01,5.397999999999999687e+00,-8.279999999999999583e-01,5.460999965667724609e+00,1.478459239006042480e-01
5.118044704178325333e+01,8.723605467583450235e+00,5.681511232767875619e+00,-9.230203654281945447e-01,5.063913630342746330e+01,1.161996228598894199e+01,5.495366856142981149e+00,-6.011802691398827614e-01,5.101199380610535883e+01,1.046245539200753427e+01,5.642489187002965423e+00,-9.361071733937385009e-01,5.217930758040120054e+01,1.198795087487277833e+01,5.423000000000000043e+00,-8.679999999999999938e-01,5.492000102996826172e+00,1.610532850027084351e-01
5.118044704178325333e+01,8.723605467583450235e+00,5.681511232767875619e+00,-9.230203654281945447e-01,5.157624272480565253e+01,1.036884467466816062e+01,5.642489187002965423e+00,-9.361071733937385009e-01,5.144336420516101782e+01,9.704700991732353899e+00,5.686703400689089527e+00,-9.314568530368623200e-01,5.217930758040120054e+01,1.198795087487277833e+01,5.423000000000000043e+00,-8.679999999999999938e-01,5.492000102996826172e+00,1.610532850027084351e-01
5.210452187102708166e+01,1.176525012232827549e+01,5.399751315706249777e+00,-7.383655256840268022e-01,5.201203454522992331e+01,9.611555306428668288e+00,5.686703400689089527e+00,-9.314568530368623200e-01,5.204137569003167130e+01,1.047212142507989974e+01,5.543604291895755765e+00,-7.152053378019493923e-01,5.321759474277988744e+01,1.182917173077989936e+01,5.434000000000000163e+00,-7.269999999999999796e-01,5.481999874114990234e+00,1.358978301286697388e-01
5.311279076314994541e+01,1.331927533244964046e+01,5.396684705176507002e+00,-5.914677641210951409e-01,5.259573611922125025e+01,1.040060089129970500e+01,5.543604291895755765e+00,-7.152053378019493923e-01,5.277763856868219250e+01,1.158527472305279638e+01,5.444396820837533291e+00,-6.799491894366961331e-01,5.384233725077972110e+01,1.174961335831899056e+01,5.437000000000000277e+00,-5.570000000000000506e-01,5.466000080108642578e+00,1.091626659035682678e-01
5.672650706739898396e+01,1.334639413497312432e+01,5.580896424383209542e+00,-4.242705113035742381e-01,5.332207825076594787e+01,1.151727980410912622e+01,5.444396820837533291e+00,-6.799491894366961331e-01,5.555555416422030390e+01,1.224843196204486162e+01,5.823855028193384520e+00,-4.312373876789117877e-01,5.436207830906508320e+01,1.169990594536217365e+01,5.402999999999999581e+00,-4.430000000000000049e-01,5.421000003814697266e+00,7.587598264217376709e-02
5.324857783285945345e+01,1.218826629023040375e+01,5.305176783961909948e+00,-2.882194290209791343e-01,5.613793966703963889e+01,1.220530822327697074e+01,5.823855028193384520e+00,-4.312373876789117877e-01,5.523751680811640341e+01,1.220472424802654210e+01,5.799513144167753431e+00,-3.888886679355796350e-01,5.488026869283314113e+01,1.166558225236999036e+01,5.450000000000000178e+00,-2.979999999999999871e-01,5.458000183105468750e+00,5.427460372447967529e-02
5.248030650614852988e+01,1.039706440123374342e+01,5.582256277435070579e+00,-2.744783576846706041e-01,5.581746812253317813e+01,1.216583538123298425e+01,5.799513144167753431e+00,-3.888886679355796350e-01,5.361913213707111225e+01,1.145991193188413959e+01,5.383500422258803653e+00,-3.728069112691783649e-01,5.540186560130069893e+01,1.163867051717492096e+01,5.450999999999999623e+00,-2.740000000000000213e-01,5.458000183105468750e+00,4.913021996617317200e-02
5.599328788009928104e+01,7.980964256519798461e+00,5.553577275050480822e+00,-5.423823361821943356e-01,5.415748217929699138e+01,1.142263124075722125e+01,5.383500422258803653e+00,-3.728069112691783649e-01,5.474340290623300120e+01,1.002463491463795364e+01,5.330071560542171127e+00,-4.213867633791684164e-01,5.603391516224062485e+01,1.159817082999256499e+01,5.519000000000000128e+00,-4.089999999999999747e-01,5.533999919891357422e+00,9.735485166311264038e-02
5.914525282382552263e+01,1.279762597257245815e+01,5.564575443842201707e+00,-9.254073728731702086e-01,5.527641006228721920e+01,9.982496238300036850e+00,5.330071560542171127e+00,-4.213867633791684164e-01,5.782310938542380541e+01,1.110503959711523514e+01,5.803203866931045063e+00,-6.753855518694226179e-01,5.656391203387993016e+01,1.153119142181849988e+01,5.578999999999999737e+00,-8.639999999999999902e-01,5.645999908447265625e+00,1.647951304912567139e-01
5.704603932038810399e+01,1.376078899051189275e+01,5.634068734267427381e+00,-1.065846077013691273e+00,5.840342977211690823e+01,1.103750104192829262e+01,5.803203866931045063e+00,-6.753855518694226179e-01,5.797395717752275601e+01,1.212057781079210272e+01,5.823971418067287686e+00,-7.922663745824864989e-01,5.656391203387993016e+01,1.153119142181849988e+01,5.552999999999999936e+00,-1.020000000000000018e+00,5.678999900817871094e+00,1.869691908359527588e-01
6.170025503625551977e+01,9.175623489281843348e+00,5.661838873404740902e+00,-8.206240294063072982e-01,5.855635431932948620e+01,1.204135117333385452e+01,5.823971418067287686e+00,-7.922663745824864989e-01,6.058782803488794144e+01,1.089697341493632443e+01,6.022302302244738392e+00,-9.178444690714060439e-01,5.762871992626780582e+01,1.134314973478367783e+01,5.474000000000000199e+00,-8.800000000000000044e-01,5.544000148773193359e+00,1.439371556043624878e-01
6.170025503625551977e+01,9.175623489281843348e+00,5.509431120368494916e+00,-7.985341276613368011e-01,6.119005826511241253e+01,1.080518896802918327e+01,6.022302302244738392e+00,-9.178444690714060439e-01,6.140142636480256755e+01,1.015205813070458873e+01,5.765479466160656763e+00,-8.817539038296476894e-01,5.762871992626780582e+01,1.134314973478367783e+01,5.410000000000000142e+00,-7.570000000000000062e-01,5.462999820709228516e+00,1.439371556043624878e-01
5.839432474978392662e+01,9.918831302230405100e+00,4.722561681166206782e+00,-8.303233702838651586e-01,6.197797431141863456e+01,1.006388274032162400e+01,5.765479466160656763e+00,-8.817539038296476894e-01,5.953000337366677286e+01,1.000612092363316563e+01,4.891415042136729063e+00,-8.506025556093030904e-01,5.825468123001287069e+01,1.125474603348860114e+01,4.522999999999999687e+00,-1.133000000000000007e+00,4.663000106811523438e+00,1.740417182445526123e-01
5.765630769743014383e+01,1.100974517861071966e+01,3.426193430637516357e+00,-6.850067756074964542e-01,6.001914487788044283e+01,9.921060668072234634e+00,4.891415042136729063e+00,-8.506025556093030904e-01,5.937298249696073071e+01,1.036821429987508836e+01,4.421800584467607820e+00,-8.020911362800310362e-01,5.874116957206290124e+01,1.114591081263689176e+01,3.459999999999999964e+00,-1.559999999999999998e-01,4.663000106811523438e+00,1.973304748535156250e-01
5.926283657520139059e+01,1.541544301631149416e+01,1.042305522064431056e+00,2.235065237129691684e-01,5.981516255540748972e+01,1.028800518624708538e+01,4.421800584467607820e+00,-8.020911362800310362e-01,5.909088556543020587e+01,1.233854270144157006e+01,2.588241709716434968e+00,1.142455952636045602e-01,5.906125700514837007e+01,1.112672574605567277e+01,9.799999999999999822e-01,4.109999999999999765e-01,1.062999963760375977e+00,-2.112358212471008301e-01
6.009311527031749733e+01,1.049204535582483544e+01,4.379057957574771787e-01,2.130903632158558658e-01,5.934970973640184866e+01,1.234996726096793118e+01,2.588241709716434968e+00,1.142455952636045602e-01,5.977925039337034718e+01,1.160367264867832837e+01,1.607934881983411390e+00,1.443849973510092366e-01,5.917826139905595539e+01,1.116272504513685782e+01,4.219999999999999862e-01,2.129999999999999949e-01,4.729999899864196777e-01,-4.528802335262298584e-01
5.963878819342717463e+01,1.196461267574152743e+01,7.409843764224979257e-01,4.365113727070113470e-01,5.994004388156869112e+01,1.161811114841342985e+01,1.607934881983411390e+00,1.443849973510092366e-01,5.965025160997338816e+01,1.175736462117656345e+01,1.123156938407853911e+00,3.643957968654302215e-01,5.920533812032925880e+01,1.117716939595813841e+01,7.790000000000000258e-01,4.699999999999999734e-01,9.100000262260437012e-01,-5.323637127876281738e-01
5.788151645633320186e+01,1.163206468403779148e+01,1.746565910601619365e+00,1.189233435984840215e+00,5.976256730381417270e+01,1.179380420086310721e+01,1.123156938407853911e+00,3.643957968654302215e-01,5.909308208032510379e+01,1.176479975989190407e+01,1.522500493081120787e+00,6.086665048246673315e-01,5.929595816131748620e+01,1.123484380389354698e+01,1.758999999999999897e+00,1.163999999999999924e+00,2.109999895095825195e+00,-5.977905392646789551e-01
5.908416542452428644e+01,1.214722473774933498e+01,4.450864915285552392e+00,3.273442768659666768e+00,5.924533212963321915e+01,1.182566641037437094e+01,1.522500493081120787e+00,6.086665048246673315e-01,5.945597542318737538e+01,1.196222681727821779e+01,3.053525650310126682e+00,2.511121068313917348e+00,5.954624426349015209e+01,1.141333062735906623e+01,4.532000000000000028e+00,3.294000000000000039e+00,5.603000164031982422e+00,-6.341317892074584961e-01
5.970514166398104550e+01,9.663654399914332060e+00,4.360755281755515966e+00,3.026330831893364159e+00,5.976132798821839032e+01,1.221333892410961042e+01,3.053525650310126682e+00,2.511121068313917348e+00,5.962968972266555312e+01,1.120589903692917666e+01,3.622113169725456938e+00,2.664852213740386500e+00,6.003395330898806748e+01,1.176703984850184703e+01,4.501999999999999780e+00,3.125000000000000000e+00,5.480000019073486328e+00,-6.066825985908508301e-01
5.915392780282934382e+01,1.322112853608801686e+01,4.515230892764224180e+00,2.771550556902744322e+00,5.999190103963810117e+01,1.147238425830321518e+01,3.622113169725456938e+00,2.664852213740386500e+00,5.954205680785910459e+01,1.217098820248358138e+01,4.017822404114984813e+00,2.804906949652627546e+00,6.047090017817094321e+01,1.205697305326506630e+01,4.711999999999999744e+00,2.814000000000000057e+00,5.487999916076660156e+00,-5.505211949348449707e-01
5.915392780282934382e+01,1.322112853608801686e+01,4.890509661023845212e+00,2.617656106838312180e+00,5.994383904827060405e+01,1.245147889744884395e+01,4.017822404114984813e+00,2.804906949652627546e+00,5.960977438039275711e+01,1.275418743902655727e+01,4.449418712577093871e+00,2.749108062336631519e+00,6.047090017817094321e+01,1.205697305326506630e+01,4.809000000000000163e+00,2.644000000000000128e+00,5.487999916076660156e+00,-4.914500713348388672e-01
6.285001528282730021e+01,1.404282100277322520e+01,4.999871838105131694e+00,2.357978849123514298e+00,6.005471625165046845e+01,1.302909824526022042e+01,4.449418712577093871e+00,2.749108062336631519e+00,6.193579922501734814e+01,1.343268188265289531e+01,4.992384634813127775e+00,2.508912378232567963e+00,6.139898550525310839e+01,1.256144483259345002e+01,4.948000000000000398e+00,2.334000000000000075e+00,5.471000194549560547e+00,-4.406770169734954834e-01
5.959380662414682206e+01,1.179297192249013904e+01,5.194834715472826048e+00,2.048108765273955356e+00,6.243503768849866020e+01,1.368357312047615260e+01,4.992384634813127775e+00,2.508912378232567963e+00,6.148784727910297221e+01,1.289941691677302771e+01,5.276265541148953631e+00,2.373382446452112493e+00,6.197389662240050257e+01,1.281465108589317659e+01,5.232999999999999652e+00,2.061999999999999833e+00,5.624000072479248047e+00,-3.755472004413604736e-01
6.518133461467870404e+01,1.227138633901394371e+01,5.311021083941421139e+00,1.763029558268496721e+00,6.201547383321786810e+01,1.313675516141823962e+01,5.276265541148953631e+00,2.373382446452112493e+00,6.408246443447950469e+01,1.278934227556399073e+01,5.580514380345386272e+00,1.908500109756650742e+00,6.247606527824352440e+01,1.299987180311414114e+01,5.187000000000000277e+00,1.657999999999999918e+00,5.445000171661376953e+00,-3.205111622810363770e-01
6.518133461467870404e+01,1.227138633901394371e+01,4.977895641355828182e+00,1.652446302693502789e+00,6.464051587251404385e+01,1.298019228653965662e+01,5.580514380345386272e+00,1.908500109756650742e+00,6.486968020069237184e+01,1.268253406316826926e+01,5.282803766947314905e+00,1.833029291462440202e+00,6.247606527824352440e+01,1.299987180311414114e+01,5.187000000000000277e+00,1.657999999999999918e+00,5.445000171661376953e+00,-3.205111622810363770e-01
6.255872195982412620e+01,1.400508500537815237e+01,5.306012285407511797e+00,1.110619047407122473e+00,6.539796057738710999e+01,1.286583699231451305e+01,5.282803766947314905e+00,1.833029291462440202e+00,6.355008507611811552e+01,1.331852849317723120e+01,5.038643616830947636e+00,1.362413710201182848e+00,6.347328245637473287e+01,1.327233941742831291e+01,5.389999999999999680e+00,1.129000000000000004e+00,5.506999969482421875e+00,-2.063344269990921021e-01
6.139430892436535459e+01,1.828074128824493627e+01,5.230087778005919397e+00,8.455674655480971413e-01,6.405394943780120798e+01,1.345476986419734899e+01,5.038643616830947636e+00,1.362413710201182848e+00,6.316712540786522112e+01,1.538181795059432133e+01,5.305219116837341709e+00,1.207124507252705037e+00,6.408918631079036743e+01,1.338835675908086920e+01,5.293000000000000149e+00,8.539999999999999813e-01,5.361999988555908203e+00,-1.602867245674133301e-01
6.139430892436535459e+01,1.828074128824493627e+01,5.618050256281584609e+00,9.082907817537744233e-01,6.369764731954895609e+01,1.550253040131959104e+01,5.305219116837341709e+00,1.207124507252705037e+00,6.223024852760651271e+01,1.661096042277181439e+01,5.262316929012700761e+00,1.097344309522325201e+00,6.408918631079036743e+01,1.338835675908086920e+01,5.293000000000000149e+00,8.539999999999999813e-01,5.361999988555908203e+00,-1.602867245674133301e-01
6.424829754267503290e+01,9.944095923183871477e+00,5.570807443657431079e+00,5.997626729243705768e-01,6.275648022050778252e+01,1.672069485372404785e+01,5.262316929012700761e+00,1.097344309522325201e+00,6.321788004021737351e+01,1.396084547666293041e+01,5.292441617901721074e+00,9.532305922301765877e-01,6.512805044679734578e+01,1.352763421708858971e+01,5.488000000000000433e+00,6.129999999999999893e-01,5.521999835968017578e+00,-1.072486117482185364e-01
6.788611805452069348e+01,1.087804157907208413e+01,5.462647826834884590e+00,4.357509942863269647e-01,6.374712420200754792e+01,1.405616853588594850e+01,5.292441617901721074e+00,9.532305922301765877e-01,6.646291694826219043e+01,1.278555105870360187e+01,5.756069181647826660e+00,4.691310803712211985e-01,6.565786039826308240e+01,1.357923085770058691e+01,5.596000000000000085e+00,4.470000000000000084e-01,5.613999843597412109e+00,-7.960063964128494263e-02
6.788611805452069348e+01,1.087804157907208413e+01,5.583264499036965312e+00,4.453724885699915648e-01,6.703852386642697070e+01,1.283246416674072421e+01,5.756069181647826660e+00,4.691310803712211985e-01,6.733082965329255387e+01,1.204177877432226218e+01,5.622821159360612775e+00,4.630190860699197053e-01,6.565786039826308240e+01,1.357923085770058691e+01,5.426999999999999602e+00,3.039999999999999925e-01,5.435999870300292969e+00,-7.960063964128494263e-02
6.520576524754041259e+01,1.675173313781726492e+01,5.514037587632345527e+00,2.090810164616719591e-01,6.789311176922861080e+01,1.208808068292925419e+01,5.622821159360612775e+00,4.630190860699197053e-01,6.613000183544394872e+01,1.394950886976937987e+01,5.322709814046938881e+00,4.544759465470629700e-01,6.629136717363351750e+01,1.361786325095532213e+01,5.432000000000000384e+00,2.059999999999999887e-01,5.435999870300292969e+00,-3.789979591965675354e-02
6.776880127194027637e+01,1.274039943323746193e+01,5.207998504569553155e+00,1.021456259723352161e-01,6.666227281684864181e+01,1.399495646442408692e+01,5.322709814046938881e+00,4.544759465470629700e-01,6.703427018262749471e+01,1.347255834855699597e+01,5.196654970036649779e+00,3.507597162377212863e-01,6.681154882924565186e+01,1.363327367442449578e+01,5.250000000000000000e+00,8.100000000000000255e-02,5.250000000000000000e+00,-1.961070671677589417e-02
6.966736161726072396e+01,1.789234263987862406e+01,5.173346058407010339e+00,8.224566489127801971e-02,6.755393567963116652e+01,1.350763432018076848e+01,5.196654970036649779e+00,3.507597162377212863e-01,6.892877312213062169e+01,1.525763490277043744e+01,5.375217730328280652e+00,3.216099828052366716e-01,6.732078039623556265e+01,1.364181287441721935e+01,5.248999999999999666e+00,1.059999999999999970e-01,5.250000000000000000e+00,-1.589662395417690277e-02
6.655452871332154530e+01,1.203165443134494694e+01,5.554236291505130652e+00,1.399921563919096501e-01,6.946629489516344336e+01,1.528979590105096165e+01,5.375217730328280652e+00,3.216099828052366716e-01,6.849804588923885262e+01,1.396541816005726311e+01,5.653861126857504971e+00,2.693784026676372956e-01,6.794179594540308642e+01,1.365498407005257242e+01,5.572000000000000064e+00,1.390000000000000124e-01,5.572999954223632812e+00,-2.519923821091651917e-02
6.748692607902391671e+01,1.360550165055560790e+01,5.432452399799172937e+00,1.296807223481188931e-01,6.906343200192459619e+01,1.399235600032402616e+01,5.653861126857504971e+00,2.693784026676372956e-01,6.801213362955313357e+01,1.383745641243792335e+01,5.394625909764059202e+00,1.560286317945005219e-01,6.847282469261405424e+01,1.366791017213425796e+01,5.442000000000000171e+00,1.340000000000000080e-01,5.443999767303466797e+00,-2.386695519089698792e-02
6.980785119527118354e+01,1.229718358592601923e+01,5.224445016434273725e+00,1.274696666725574634e-01,6.855159622052954660e+01,1.385305927561737427e+01,5.394625909764059202e+00,1.560286317945005219e-01,6.897739099900350368e+01,1.322318589841154335e+01,5.234256839353161439e+00,1.483075113756590901e-01,6.899932730178670681e+01,1.368070371297789301e+01,5.487000000000000099e+00,1.270000000000000018e-01,5.488999843597412109e+00,-2.439386025071144104e-02
6.861551803374065628e+01,1.571750171363192017e+01,5.430269644238265414e+00,1.371033605169202085e-01,6.950081668293881876e+01,1.323801664954910962e+01,5.234256839353161439e+00,1.483075113756590901e-01,6.894498494965851876e+01,1.422804577495461054e+01,5.257759706580033665e+00,2.316033391232257543e-01,6.952361166506925372e+01,1.369305284156249236e+01,5.501999999999999780e+00,1.479999999999999927e-01,5.504000186920166016e+00,-2.524262107908725739e-02
7.192013943202721293e+01,1.323036993886895374e+01,5.287747227527256122e+00,1.151113415117391708e-01,6.947076092031652195e+01,1.425120610886693306e+01,5.257759706580033665e+00,2.316033391232257543e-01,7.026960986421430277e+01,1.383362853548216798e+01,5.101369774877515972e+00,1.975971689681777499e-01,7.015535986417296499e+01,1.370929391535173636e+01,5.503000000000000114e+00,1.320000000000000062e-01,5.504000186920166016e+00,-2.176601067185401917e-02
7.390786540475970412e+01,1.010322244317223550e+01,5.451487271304871207e+00,7.478014330670726406e-02,7.077974684170204966e+01,1.385338825237898597e+01,5.101369774877515972e+00,1.975971689681777499e-01,7.285612575014805259e+01,1.235556324329088973e+01,5.568666728694688928e+00,-2.754582889834816806e-02,7.069124090666298343e+01,1.371886308307587399e+01,5.485000000000000320e+00,7.399999999999999634e-02,5.486000061035156250e+00,-1.371652353554964066e-02
7.045051837010127826e+01,1.215170140378008590e+01,5.315855562094648157e+00,3.918521042368024870e-02,7.341299242301752770e+01,1.235280866040105430e+01,5.568666728694688928e+00,-2.754582889834816806e-02,7.246555946513682045e+01,1.227449618418828692e+01,5.664275873247515136e+00,-7.695155078053864117e-03,7.121621572980852477e+01,1.372470338512431631e+01,5.525000000000000355e+00,3.599999999999999728e-02,5.525000095367431641e+00,-7.371250074356794357e-03
6.972315847862877547e+01,1.583249003995562809e+01,5.562777798969976928e+00,4.974342901161276503e-02,7.303198705246157374e+01,1.227372666868048157e+01,5.664275873247515136e+00,-7.695155078053864117e-03,7.086463812868908008e+01,1.369492405707751637e+01,5.311879165458905483e+00,1.640191524684198043e-01,7.174516165279126767e+01,1.372844464885569060e+01,5.525000000000000355e+00,4.499999999999999833e-02,5.525000095367431641e+00,-8.941954001784324646e-03
7.184765774027300722e+01,1.157235009781668644e+01,5.563055142888098992e+00,1.471159884240394733e-01,7.139582604523496911e+01,1.371132597232435835e+01,5.311879165458905483e+00,1.640191524684198043e-01,7.152190745039374065e+01,1.284637820774521089e+01,5.389143763240547003e+00,1.600237595339769059e-01,7.235821402070853026e+01,1.373800046612158532e+01,5.487000000000000099e+00,1.250000000000000000e-01,5.487999916076660156e+00,-2.643901668488979340e-02
7.542129266252848652e+01,1.384281385528074004e+01,5.538378904398691738e+00,2.906460968672621159e-01,7.206082182671779890e+01,1.286238058369860937e+01,5.389143763240547003e+00,1.600237595339769059e-01,7.426697194444020056e+01,1.325426964974195165e+01,5.771400574099939895e+00,2.887783982458925758e-01,7.288463079902835773e+01,1.375738961859710052e+01,5.554999999999999716e+00,2.909999999999999809e-01,5.563000202178955078e+00,-5.243045464158058167e-02
7.505069446547551593e+01,1.311732424591547641e+01,5.441941111737685688e+00,3.772281856015876622e-01,7.484411200185019197e+01,1.328314748956654157e+01,5.771400574099939895e+00,2.887783982458925758e-01,7.494024872568310514e+01,1.322004762588253080e+01,5.614797527256494725e+00,3.150422990025076864e-01,7.341418325872390938e+01,1.378892667485268930e+01,5.434999999999999609e+00,3.910000000000000142e-01,5.449999809265136719e+00,-6.920797377824783325e-02
7.343723577271396152e+01,1.517105753512924515e+01,5.227275848607104258e+00,4.545310598414773473e-01,7.550172847840875079e+01,1.325155185578278072e+01,5.614797527256494725e+00,3.150422990025076864e-01,7.411449824941831821e+01,1.401844160417694241e+01,5.223815149189982243e+00,4.846453914909630289e-01,7.393410360794888447e+01,1.382823045368490966e+01,5.431000000000000050e+00,4.500000000000000111e-01,5.449999809265136719e+00,-8.673555403947830200e-02
7.388834261916271373e+01,1.464461691486684636e+01,5.569775158446729435e+00,6.450211412622279816e-01,7.463687976433732274e+01,1.406690614332603850e+01,5.223815149189982243e+00,4.846453914909630289e-01,7.436198319379410293e+01,1.430738283093375074e+01,5.425015989890479950e+00,5.318524057133177108e-01,7.456014883563243245e+01,1.389032704918910710e+01,5.557999999999999829e+00,6.219999999999999973e-01,5.592000007629394531e+00,-1.152938082814216614e-01
7.247926795492917051e+01,1.518605442178124321e+01,5.313462466842611143e+00,6.656889797284246679e-01,7.490448479278315119e+01,1.436056807150508163e+01,5.425015989890479950e+00,5.318524057133177108e-01,7.331191477038790083e+01,1.469059636035962768e+01,5.147111362312951854e+00,6.571854555818364974e-01,7.509010183799401261e+01,1.395418698957462134e+01,5.501999999999999780e+00,6.899999999999999467e-01,5.545000076293945312e+00,-1.246340870857238770e-01
7.247926795492917051e+01,1.518605442178124321e+01,5.638918311429597985e+00,7.064632150752876427e-01,7.382662590661919921e+01,1.475631490591781159e+01,5.147111362312951854e+00,6.571854555818364974e-01,7.334315681740537229e+01,1.493211226652919876e+01,5.452716992313493272e+00,6.715715306714564736e-01,7.509010183799401261e+01,1.395418698957462134e+01,5.500000000000000000e+00,7.019999999999999574e-01,5.545000076293945312e+00,-1.246340870857238770e-01
7.684364867216001471e+01,1.335240240278976565e+01,5.568314956099619906e+00,7.147466639230004581e-01,7.388842851663672207e+01,1.499926941959634519e+01,5.452716992313493272e+00,6.715715306714564736e-01,7.582684407203059607e+01,1.434180429658831279e+01,5.780622429406319540e+00,6.415989968209490080e-01,7.561426413037995076e+01,1.402074296552061838e+01,5.371999999999999886e+00,6.919999999999999485e-01,5.416999816894531250e+00,-1.276615262031555176e-01
7.620342528806567373e+01,1.269419093249780062e+01,5.250902037731721705e+00,6.819483837489045408e-01,7.640490631497122820e+01,1.440596419627040703e+01,5.780622429406319540e+00,6.415989968209490080e-01,7.638487146791148064e+01,1.371614018723176365e+01,5.565723441863918097e+00,6.543518245025233826e-01,7.613469946393360033e+01,1.408794458111822756e+01,5.275000000000000355e+00,6.720000000000000417e-01,5.316999912261962891e+00,-1.291497349739074707e-01
7.694536855800460273e+01,1.369566137901935399e+01,5.144568381863378725e+00,6.462511670824754306e-01,7.694144381209787298e+01,1.378157536968201669e+01,5.565723441863918097e+00,6.543518245025233826e-01,7.689860264559952441e+01,1.374724492787510854e+01,5.343792376782094955e+00,6.454428885438538988e-01,7.675526678575207029e+01,1.416812188713815956e+01,5.278999999999999915e+00,6.350000000000000089e-01,5.316999912261962891e+00,-1.249635890126228333e-01
7.702758026163711236e+01,1.382397781188911701e+01,5.226490244281974284e+00,5.747718184729770918e-01,7.743298188327773346e+01,1.381178921672949400e+01,5.343792376782094955e+00,6.454428885438538988e-01,7.731049431828920149e+01,1.381359994219008946e+01,5.321149079477406119e+00,6.245148631915165005e-01,7.727081930630249929e+01,1.422988755898358093e+01,5.458999999999999631e+00,5.360000000000000320e-01,5.485000133514404297e+00,-1.095326617360115051e-01
7.782757298694144765e+01,1.686070187230958695e+01,5.355088700093889820e+00,5.066241457075630894e-01,7.784260922623694512e+01,1.387605142850924089e+01,5.321149079477406119e+00,6.245148631915165005e-01,7.783646848593556911e+01,1.506746736687866672e+01,5.337704442246069547e+00,6.507081535266601158e-01,7.779738104322080972e+01,1.428368241977002384e+01,5.530999999999999694e+00,5.190000000000000169e-01,5.556000232696533203e+00,-9.432537108659744263e-02
7.942751777195154261e+01,1.508982266370193059e+01,5.511690910856016146e+00,5.074313885041508154e-01,7.837023893016016984e+01,1.513253818223133251e+01,5.337704442246069547e+00,6.507081535266601158e-01,7.870111386543794652e+01,1.510896715843815663e+01,5.339764153703200122e+00,6.083109974291303068e-01,7.842879354972377826e+01,1.434297044351604278e+01,5.402999999999999581e+00,4.989999999999999991e-01,5.426000118255615234e+00,-9.180576354265213013e-02
7.865782591703556648e+01,1.362148214777936772e+01,5.554625784280196044e+00,4.761882715018626588e-01,7.923509028080826511e+01,1.516979825818106953e+01,5.339764153703200122e+00,6.083109974291303068e-01,7.888204121718383988e+01,1.455114782161034626e+01,5.401033812974160853e+00,4.575937737853278398e-01,7.894827520853631597e+01,1.439011628824958144e+01,5.463000000000000078e+00,4.440000000000000058e-01,5.480999946594238281e+00,-8.551914244890213013e-02
8.087555420405151096e+01,9.791943623315694012e+00,5.323317183151508480e+00,4.089224508765061938e-01,7.942214459848125330e+01,1.459690719898887856e+01,5.401033812974160853e+00,4.575937737853278398e-01,7.990444152037996162e+01,1.265342995240736101e+01,5.266974430805255736e+00,4.454507406193671248e-01,7.946997702094161298e+01,1.443264062541493686e+01,5.301000000000000156e+00,3.910000000000000142e-01,5.315000057220458984e+00,-7.666666060686111450e-02
7.783142745519950267e+01,1.277443821551981173e+01,5.612849504068936568e+00,3.844419710913403176e-01,8.043113896346048364e+01,1.269797502646929743e+01,5.266974430805255736e+00,4.454507406193671248e-01,7.877415901148130217e+01,1.272832007986500713e+01,5.214740224020313342e+00,4.049797223087832632e-01,7.998315298544986263e+01,1.447104318296743131e+01,5.703000000000000291e+00,3.760000000000000009e-01,5.715000152587890625e+00,-6.838638335466384888e-02
7.870492017239696736e+01,1.336000914761591218e+01,5.525574850919804604e+00,3.052501928584551716e-01,7.929563303388333395e+01,1.276881805209588627e+01,5.214740224020313342e+00,4.049797223087832632e-01,7.907542005229016979e+01,1.300328082489184567e+01,5.389856133341270450e+00,3.751758188647936754e-01,8.063444006422376731e+01,1.451157624823643388e+01,5.503000000000000114e+00,2.969999999999999862e-01,5.511000156402587891e+00,-5.518706142902374268e-02
8.433855664763463267e+01,1.308946962441649298e+01,5.480415722133737511e+00,3.407732965882400711e-01,7.961440566562430377e+01,1.304079840677832536e+01,5.389856133341270450e+00,3.751758188647936754e-01,8.270295455958603270e+01,1.306012755729395991e+01,5.864304746728237205e+00,3.525588140372298840e-01,8.116600668425358833e+01,1.454108674711584115e+01,5.514999999999999680e+00,3.820000000000000062e-01,5.527999877929687500e+00,-6.210023909807205200e-02
8.251524454365394945e+01,1.818016274156460810e+01,5.560562450647668520e+00,4.531955316227210262e-01,8.328938503425885642e+01,1.309538343869768262e+01,5.864304746728237205e+00,3.525588140372298840e-01,8.306239531784741814e+01,1.515420327549822233e+01,5.786617383355470601e+00,3.799543099305843219e-01,8.169400274790052663e+01,1.457772500609042865e+01,5.538000000000000256e+00,4.500000000000000111e-01,5.556000232696533203e+00,-8.132199943065643311e-02
8.436811769044180664e+01,1.672253329945563749e+01,5.335620596656811543e+00,6.411159236351654522e-01,8.364105705618295872e+01,1.519219870649128090e+01,5.786617383355470601e+00,3.799543099305843219e-01,8.406627563216636645e+01,1.580406429878390107e+01,5.614244220498286531e+00,6.215610871521192182e-01,8.222367346308739400e+01,1.462802179060001073e+01,5.341000000000000192e+00,6.949999999999999512e-01,5.386000156402587891e+00,-1.195843890309333801e-01
8.193343800298039525e+01,1.760881812739161845e+01,5.346872271064857074e+00,1.267272922148997560e+00,8.462770005421619146e+01,1.586622040749911378e+01,5.614244220498286531e+00,6.215610871521192182e-01,8.376928383272131384e+01,1.659872639567239716e+01,5.685023949860204873e+00,8.119031802252723029e-01,8.284107840042297255e+01,1.472751481704602838e+01,5.426000000000000156e+00,1.368999999999999995e+00,5.596000194549560547e+00,-2.327178120613098145e-01
8.349334651212815572e+01,1.158589728024524312e+01,5.231729518766515596e+00,1.381276513515869997e+00,8.433778622770734046e+01,1.667991671369492579e+01,5.685023949860204873e+00,8.119031802252723029e-01,8.373859131794533539e+01,1.464760821050249717e+01,5.369511345775672240e+00,1.028405697263933938e+00,8.335934317119291848e+01,1.486153276128875511e+01,5.365000000000000213e+00,1.459999999999999964e+00,5.559999942779541016e+00,-2.581289708614349365e-01
8.391241874201183748e+01,1.918086154661036247e+01,5.337240873848821288e+00,6.274843691474982776e-01,8.427554245252289888e+01,1.475044878022888994e+01,5.369511345775672240e+00,1.028405697263933938e+00,8.415952175991324680e+01,1.652278836337191592e+01,5.380677247964403165e+00,9.076227995568320051e-01,8.387958776995598953e+01,1.497338349958868697e+01,5.463000000000000078e+00,6.390000000000000124e-01,5.500000000000000000e+00,-1.170299574732780457e-01
8.302473592791932333e+01,1.339173288512652427e+01,5.441339755755493890e+00,-7.141181563944261068e-01,8.469758948470968107e+01,1.661355064332759923e+01,5.380677247964403165e+00,9.076227995568320051e-01,8.361390985395537712e+01,1.532210527697286828e+01,5.261614567159083045e+00,-3.615424114205743056e-01,8.440701162844294458e+01,1.498370416340392275e+01,5.543000000000000149e+00,-9.360000000000000542e-01,5.622000217437744141e+00,1.304936110973358154e-01
8.302473592791932333e+01,1.339173288512652427e+01,5.463153017150628621e+00,-7.169809156985050835e-01,8.414007131067128853e+01,1.528595103583081105e+01,5.261614567159083045e+00,-3.615424114205743056e-01,8.375766693335660307e+01,1.450497590828772410e+01,5.425788822689902702e+00,-4.658771381154716562e-01,8.440701162844294458e+01,1.498370416340392275e+01,5.543000000000000149e+00,-9.360000000000000542e-01,5.622000217437744141e+00,1.304936110973358154e-01
8.468442696337496045e+01,1.748953778855465657e+01,4.593797237534204214e+00,-2.645303232933638782e+00,8.430024581562558694e+01,1.445838819447617674e+01,5.425788822689902702e+00,-4.658771381154716562e-01,8.446093595165925194e+01,1.566205739581756795e+01,5.021360176881218607e+00,-1.900602989970130663e+00,8.550904715073203022e+01,1.467039354019293995e+01,4.788000000000000256e+00,-2.460999999999999854e+00,5.383999824523925781e+00,5.224671363830566406e-01
8.222183644792141877e+01,1.437636666204473812e+01,4.453462406877825686e+00,-3.330374175375168555e+00,8.496307196934736794e+01,1.547199709682055513e+01,5.021360176881218607e+00,-1.900602989970130663e+00,8.411532023650443080e+01,1.496633714699992268e+01,4.965566796821061502e+00,-2.323372167205974392e+00,8.594140493872565401e+01,1.438239534052124924e+01,4.415000000000000036e+00,-3.299999999999999822e+00,5.512000083923339844e+00,6.421024203300476074e-01
8.222183644792141877e+01,1.437636666204473812e+01,4.370175136810519945e+00,-3.268090552425690465e+00,8.461187691618653162e+01,1.473399993027932453e+01,4.965566796821061502e+00,-2.323372167205974392e+00,8.299007818225078381e+01,1.458830281239865556e+01,4.435467214359500865e+00,-3.006797452842035145e+00,8.594140493872565401e+01,1.438239534052124924e+01,4.383000000000000007e+00,-3.095000000000000195e+00,5.364999771118164062e+00,6.421024203300476074e-01
8.710020428876613607e+01,1.686303050693423344e+01,4.369500606885845073e+00,-3.071440427901012793e+00,8.343362490368673434e+01,1.428762306711445262e+01,4.435467214359500865e+00,-3.006797452842035145e+00,8.463906794071685624e+01,1.532530781423376709e+01,4.153465661669664577e+00,-3.027149753344695160e+00,8.644813787956509543e+01,1.401773889243148297e+01,4.391000000000000014e+00,-3.084000000000000075e+00,5.364999771118164062e+00,6.126877665519714355e-01
8.595526403186926245e+01,1.207090504256275842e+01,4.297025376677646946e+00,-3.238940314945587318e+00,8.505441450688381622e+01,1.502259283889929797e+01,4.153465661669664577e+00,-3.027149753344695160e+00,8.565698402460017746e+01,1.384332922551243250e+01,4.310594983181091244e+00,-3.286034242156102181e+00,8.687064611919041113e+01,1.370782334885362097e+01,4.649000000000000021e+00,-2.958000000000000185e+00,5.510000228881835938e+00,6.459053158760070801e-01
8.671470612289827784e+01,1.227509374716336232e+01,4.778738082770868978e+00,-2.826369905829063001e+00,8.608804352291828366e+01,1.351472580129682299e+01,4.310594983181091244e+00,-3.286034242156102181e+00,8.625253557113710201e+01,1.303413452135303707e+01,4.469496524280065053e+00,-3.149365269769395237e+00,8.730635702645749063e+01,1.340170915318636879e+01,4.939000000000000057e+00,-2.443000000000000060e+00,5.510000228881835938e+00,5.341067314147949219e-01
9.060441887355257506e+01,1.421509463917555927e+01,4.245272059498944373e+00,-1.628764414027445540e+00,8.669948522356510523e+01,1.271919799437609733e+01,4.469496524280065053e+00,-3.149365269769395237e+00,8.922020640708039707e+01,1.332116977605745944e+01,4.703817510672513080e+00,-2.015471407502209988e+00,8.777627813852966199e+01,1.316898114798816444e+01,4.442999999999999616e+00,-1.377999999999999892e+00,4.651999950408935547e+00,3.663460910320281982e-01
8.642683315307382941e+01,1.543610603956888561e+01,2.196978491488378094e+00,-1.993035460118572633e-01,8.969058815814764785e+01,1.311962263530723760e+01,4.703817510672513080e+00,-2.015471407502209988e+00,8.883983780779583128e+01,1.413556434054045319e+01,3.846566547015582316e+00,-1.478884708081780852e+00,8.829608786149728417e+01,1.300609738952702799e+01,2.230999999999999872e+00,3.009999999999999898e-01,2.252000093460083008e+00,9.046947956085205078e-02
8.862920133812706069e+01,1.143379695490021852e+01,1.014160943336994913e+00,2.561124537974739934e-01,8.922449446249738969e+01,1.398767586973227495e+01,3.846566547015582316e+00,-1.478884708081780852e+00,8.853121327889991221e+01,1.297322065424541293e+01,2.297859716179101675e+00,-3.419113694866340314e-01,8.853636038282995457e+01,1.301446397431892166e+01,1.008000000000000007e+00,2.999999999999999889e-01,1.052000045776367188e+00,-2.473643422126770020e-01
8.761204683770915835e+01,1.003050835258259532e+01,4.651025346301563279e-01,1.835201141036159889e-01,8.876099925051782691e+01,1.293902951729674911e+01,2.297859716179101675e+00,-3.419113694866340314e-01,8.854382915837922496e+01,1.178706047883087926e+01,1.585582555244023473e+00,-1.849848288021819220e-01,8.859313452242363951e+01,1.303125913288707416e+01,4.560000000000000164e-01,1.990000000000000102e-01,4.979999959468841553e-01,-3.758251667022705078e-01
8.924742043013441162e+01,1.287039530121686681e+01,3.290717014674125473e-01,1.647295232184271818e-01,8.870238741390362236e+01,1.176856199595066066e+01,1.585582555244023473e+00,-1.849848288021819220e-01,8.892214522919894648e+01,1.220959736434742915e+01,9.716195973641799100e-01,1.036800275814813155e-01,8.861696112144687731e+01,1.304165799723469377e+01,3.160000000000000031e-01,1.749999999999999889e-01,3.610000014305114746e-01,-4.641183316707611084e-01
8.924742043013441162e+01,1.287039530121686681e+01,3.159984738980403107e-01,1.885973621781008858e-01,8.901930718893535754e+01,1.221996536710557812e+01,9.716195973641799100e-01,1.036800275814813155e-01,8.915074480888191033e+01,1.248649780344933369e+01,6.726324691206468920e-01,1.285131674312044447e-01,8.861696112144687731e+01,1.304165799723469377e+01,3.160000000000000031e-01,1.749999999999999889e-01,3.610000014305114746e-01,-5.380853414535522461e-01
8.786931276348383335e+01,1.300388579301383274e+01,4.108859863635979104e-01,2.866595425058460211e-01,8.921800805579397320e+01,1.249934912019245381e+01,6.726324691206468920e-01,1.285131674312044447e-01,8.831083223658677639e+01,1.270129600309815565e+01,4.126776759199885514e-01,2.592827351622378207e-01,8.865644705268724124e+01,1.306529958446196460e+01,4.089999999999999747e-01,2.939999999999999836e-01,5.040000081062316895e-01,-6.091551184654235840e-01
8.638152849700801994e+01,1.540547831166105830e+01,4.173887185332159633e-01,3.346814690165370587e-01,8.835210000417878007e+01,1.272722427661437905e+01,4.126776759199885514e-01,2.592827351622378207e-01,8.770690791634939387e+01,1.381263206031359481e+01,5.509572783895386738e-01,2.803414876463943828e-01,8.867890417583544149e+01,1.308187348930316496e+01,4.000000000000000222e-01,3.390000000000000235e-01,5.239999890327453613e-01,-6.758655309677124023e-01
8.929010248223880808e+01,1.119899411353872232e+01,3.923700878136274772e-01,3.607418828694441415e-01,8.776200364418835420e+01,1.384066620907823442e+01,5.509572783895386738e-01,2.803414876463943828e-01,8.874078862577042059e+01,1.278608740133650734e+01,6.052624242108889385e-01,2.401709400958165486e-01,8.870091116472026727e+01,1.310052354503728544e+01,3.860000000000000098e-01,3.549999999999999822e-01,5.239999890327453613e-01,-7.434261441230773926e-01
8.968782389175149206e+01,1.314620859057510494e+01,3.886318133591287749e-01,4.210633319257349183e-01,8.880131486819151121e+01,1.281010449534608853e+01,6.052624242108889385e-01,2.401709400958165486e-01,8.911015351369142934e+01,1.295386964523154916e+01,4.503893545107122698e-01,2.935658870978825052e-01,8.872777426271281342e+01,1.312698419209718104e+01,3.420000000000000262e-01,3.709999999999999964e-01,5.049999952316284180e-01,-8.254307508468627930e-01
8.813937014371235534e+01,1.295012125253243163e+01,2.250668126739613639e-01,2.771171684799045298e-01,8.915519244914250407e+01,1.298322623394133757e+01,4.503893545107122698e-01,2.935658870978825052e-01,8.846888027871399629e+01,1.296995696926284758e+01,2.397218986685367703e-01,2.806774901013113777e-01,8.874553549303138311e+01,1.314720971707231101e+01,2.179999999999999993e-01,2.740000000000000213e-01,3.499999940395355225e-01,-8.886773586273193359e-01
8.965116256495666391e+01,1.142885728017392566e+01,3.015791475912685260e-01,4.087958343843378084e-01,8.849285246858084975e+01,1.299802471827297801e+01,2.397218986685367703e-01,2.806774901013113777e-01,8.886650042180815490e+01,1.236968437535781185e+01,1.863578727295744086e-01,3.193471920832059441e-01,8.875441992280764225e+01,1.315862805978287220e+01,3.019999999999999907e-01,3.990000000000000213e-01,5.000000000000000000e-01,-9.351972341537475586e-01
8.965116256495666391e+01,1.142885728017392566e+01,3.104840349049979853e-01,4.208665656288209656e-01,8.888513620908111079e+01,1.240161909456613287e+01,1.863578727295744086e-01,3.193471920832059441e-01,8.939774486184157354e+01,1.201350424623335122e+01,3.210539987632980985e-01,3.555761366744421559e-01,8.875441992280764225e+01,1.315862805978287220e+01,2.869999999999999774e-01,4.089999999999999747e-01,5.000000000000000000e-01,-9.936946630477905273e-01
9.092588794214667303e+01,1.372743026765810903e+01,1.079386848090380324e+00,3.196685865276644112e+00,8.942985026171790253e+01,1.204906185990079592e+01,3.210539987632980985e-01,3.555761366744421559e-01,8.985366823141461623e+01,1.285234744843911159e+01,5.452033578603145969e-01,1.195899377287693577e+00,8.885983145212473744e+01,1.335803277642002129e+01,1.056000000000000050e+00,3.125999999999999890e+00,3.299999952316284180e+00,-1.245158553123474121e+00
9.092588794214667303e+01,1.372743026765810903e+01,1.079386848090380324e+00,3.196685865276644112e+00,8.990818856720065355e+01,1.297193738616788039e+01,5.452033578603145969e-01,1.195899377287693577e+00,9.062901791733189327e+01,1.327973511850165345e+01,9.190572407742090277e-01,2.643231333547984008e+00,8.885983145212473744e+01,1.335803277642002129e+01,1.056000000000000050e+00,3.125999999999999890e+00,4.500000000000000000e+00,-1.245158553123474121e+00
9.020763886011307875e+01,1.278155173227934149e+01,-5.225368210480635378e-01,5.665955870090924940e+00,9.072092364140931409e+01,1.354405825185645185e+01,9.190572407742090277e-01,2.643231333547984008e+00,9.067786086248601407e+01,1.336916761487815286e+01,3.318052862032720984e-01,3.538473111922609604e+00,8.891974127309413234e+01,1.373733194033984795e+01,-1.070999999999999952e+00,5.386000000000000121e+00,5.493999958038330078e+00,-1.662760138511657715e+00
8.852331559334810152e+01,1.556486220550247346e+01,-3.257129273812845227e+00,4.560255027933686200e+00,9.071104139110633469e+01,1.372301492607041418e+01,3.318052862032720984e-01,3.538473111922609604e+00,8.889840287173433353e+01,1.446159774974703538e+01,-1.760015750267273527e+00,4.331192941513352324e+00,8.876465856999101334e+01,1.422943933193818111e+01,-5.035000000000000142e+00,2.463000000000000078e+00,5.605000019073486328e+00,-2.191017389297485352e+00
8.988049399855505328e+01,1.413874785486492947e+01,-5.166283645824068849e+00,1.961170452523433916e+00,8.872240129670760211e+01,1.489471704389837114e+01,-1.760015750267273527e+00,4.331192941513352324e+00,8.939642694792995314e+01,1.448486147057090534e+01,-3.311526657313772937e+00,3.629900753049730255e+00,8.828312933486041914e+01,1.463342912345447999e+01,-5.509999999999999787e+00,1.026000000000000023e+00,5.605000019073486328e+00,-2.778786897659301758e+00
8.827948313964434135e+01,1.643717940021594615e+01,-5.133518107199252611e+00,-2.580512943764211586e-01,8.906527428219857256e+01,1.484785154587587819e+01,-3.311526657313772937e+00,3.629900753049730255e+00,8.835676203025246878e+01,1.547056562004814673e+01,-4.344141495466775638e+00,9.299407856555927943e-01,8.776491034028255456e+01,1.473234803878720811e+01,-5.291000000000000369e+00,-1.229999999999999982e+00,5.432000160217285156e+00,3.091367006301879883e+00
8.639495009165921147e+01,1.442825181593279638e+01,-5.224287404763602538e+00,-1.690533655242230981e+00,8.792234788070578588e+01,1.556355969861370525e+01,-4.344141495466775638e+00,9.299407856555927943e-01,8.749882142339846780e+01,1.498940623363285951e+01,-4.618743392689061977e+00,1.546808285215599543e-01,8.725280249138972977e+01,1.464516694675875463e+01,-5.105999999999999872e+00,-1.854000000000000092e+00,5.432000160217285156e+00,2.828635454177856445e+00
8.327737367169530103e+01,1.590709729333115519e+01,-2.622297301047202822e+00,-2.008324099472325042e+00,8.703694708412956516e+01,1.500487431648501513e+01,-4.618743392689061977e+00,1.546808285215599543e-01,8.480199753452745881e+01,1.535850907325158232e+01,-3.904558097709604603e+00,-1.346738905904485861e+00,8.679482519655331885e+01,1.445829064978316758e+01,-1.957999999999999963e+00,-2.818999999999999950e+00,3.431999921798706055e+00,2.488015413284301758e+00
8.790657353380616712e+01,1.276995332337070721e+01,-1.040283386651109643e+00,-5.488278973585209108e+00,8.441154172475650341e+01,1.522383518266113356e+01,-3.904558097709604603e+00,-1.346738905904485861e+00,8.530700329933532089e+01,1.404992419887267729e+01,-2.908893267872966426e+00,-2.571690749415001420e+00,8.656110250974151654e+01,1.408127744353607547e+01,-3.689999999999999947e-01,-5.658999999999999808e+00,5.671000003814697266e+00,1.758120417594909668e+00
8.825459301452831085e+01,1.290509118045016912e+01,2.900704637583535750e-02,-5.525923890556288853e+00,8.501611397254802682e+01,1.379275512393117786e+01,-2.908893267872966426e+00,-2.571690749415001420e+00,8.744336179596309933e+01,1.342926105990165730e+01,-1.065791149790906944e+00,-4.700343568487783230e+00,8.652065908914306647e+01,1.356070668862240503e+01,1.660000000000000087e-01,-5.714999999999999858e+00,5.717999935150146484e+00,1.565547108650207520e+00
9.146706354608819822e+01,1.273366145683243289e+01,4.463172410193837480e-01,-5.732652171584182277e+00,8.733678268098401531e+01,1.295922670305287916e+01,-1.065791149790906944e+00,-4.700343568487783230e+00,8.855724219146861742e+01,1.282260850530905039e+01,-6.981565411718808623e-01,-5.005853701798426592e+00,8.653189337264264225e+01,1.301363618508862174e+01,6.169999999999999929e-01,-5.684000000000000163e+00,5.717999935150146484e+00,1.493097782135009766e+00
8.222887384866945126e+01,1.403761811425803963e+01,1.389159568165609038e+00,-3.057188244642250030e+00,8.848742653735142483e+01,1.232202313512920711e+01,-6.981565411718808623e-01,-5.005853701798426592e+00,8.463365844747991673e+01,1.301303195926417366e+01,-1.617011127723066988e-01,-3.560169139223592349e+00,8.661275351073237516e+01,1.252168233475930670e+01,2.084000000000000075e+00,-2.580999999999999961e+00,3.318000078201293945e+00,1.144296646118164062e+00
8.629185116304731196e+01,1.030540974236495089e+01,8.262281374122508737e-01,-4.225293071347080986e-01,8.461748833620268329e+01,1.265701504534181510e+01,-1.617011127723066988e-01,-3.560169139223592349e+00,8.507976538595164584e+01,1.184514954248860796e+01,1.492998845294255528e-01,-2.630157041037442411e+00,8.682697546483208839e+01,1.225902421582803825e+01,8.599999999999999867e-01,-3.200000000000000067e-01,9.179999828338623047e-01,4.727223515510559082e-01
8.514439797380676112e+01,1.728606612791756802e+01,4.082480917653928398e-01,-1.251498452278967943e-01,8.509469537440459419e+01,1.158213383838486443e+01,1.492998845294255528e-01,-2.630157041037442411e+00,8.515500065313068490e+01,1.386739781014199835e+01,2.904616141037703603e-01,-6.429850957613638673e-01,8.689168417486621365e+01,1.223028619436472297e+01,4.289999999999999925e-01,-1.320000000000000062e-01,4.490000009536743164e-01,2.974582016468048096e-01
8.419660294095403685e+01,1.292596585835539535e+01,5.780004672293727053e-01,-1.279822992285651884e-01,8.518404681454106253e+01,1.380309930056586154e+01,2.904616141037703603e-01,-6.429850957613638673e-01,8.483603862584578792e+01,1.347140530842118444e+01,4.829443408832579943e-01,-4.901040555934818577e-01,8.691231024244842729e+01,1.222469194086056454e+01,5.919999999999999707e-01,-1.209999999999999964e-01,6.039999723434448242e-01,2.179067134857177734e-01
8.809262299563526710e+01,1.006642801864547465e+01,6.256652709692173131e-01,-8.187763087426197517e-02,8.488433305993410727e+01,1.342239490286183567e+01,4.829443408832579943e-01,-4.901040555934818577e-01,8.699059775042957199e+01,1.208360077503973784e+01,8.480237444647195089e-01,-3.239726911847856106e-01,8.694550192323546867e+01,1.221866471945645571e+01,6.219999999999999973e-01,-5.999999999999999778e-02,6.250000000000000000e-01,1.301254481077194214e-01
8.646845513581111220e+01,1.275605745419911408e+01,6.316822085041967627e-01,-2.004056449588169017e-02,8.707540012487604031e+01,1.205120350592125966e+01,8.480237444647195089e-01,-3.239726911847856106e-01,8.689554560750360679e+01,1.234937455110548221e+01,7.965324809933260752e-01,-2.343255603160986633e-01,8.699204504487971690e+01,1.221454007745979631e+01,6.239999999999999991e-01,-2.999999999999999889e-02,6.250000000000000000e-01,3.171506896615028381e-02
8.646845513581111220e+01,1.275605745419911408e+01,1.795096830172646429e+00,-5.695071559259959337e-02,8.697519885560294028e+01,1.232594199507387245e+01,7.965324809933260752e-01,-2.343255603160986633e-01,8.675258904250871694e+01,1.249823122739783621e+01,1.277809281292065613e+00,-9.265236383374647611e-02,8.699204504487971690e+01,1.221454007745979631e+01,1.824000000000000066e+00,4.800000000000000100e-02,1.825000047683715820e+00,3.171506896615028381e-02
8.859019756296375192e+01,1.113986511384659828e+01,2.647997913120906377e-01,9.697975809090779442e-02,8.688036997063792910e+01,1.248896599101446192e+01,1.277809281292065613e+00,-9.265236383374647611e-02,8.752759555278319681e+01,1.195224869471900320e+01,7.219920969453299531e-01,-3.587520620615826383e-02,8.726603186135034207e+01,1.225083692211310904e+01,2.630000000000000115e-01,9.800000000000000377e-02,2.809999883174896240e-01,-3.510669171810150146e-01
8.465941941758460132e+01,1.250544612003478129e+01,2.541523214828955712e-01,1.076224589398064313e-01,8.759979476247772823e+01,1.194866117409838679e+01,7.219920969453299531e-01,-3.587520620615826383e-02,8.563308674537594811e+01,1.217142603381354071e+01,2.095111096159670838e-01,8.642404388513939828e-02,8.727616369768166749e+01,1.225484235462399063e+01,2.610000000000000098e-01,1.039999999999999952e-01,2.809999883174896240e-01,-4.005625844001770020e-01
8.465941941758460132e+01,1.250544612003478129e+01,3.545240717331812341e-01,1.501255315342263918e-01,8.565403785633753841e+01,1.218006843820205454e+01,2.095111096159670838e-01,8.642404388513939828e-02,8.531602930479762392e+01,1.231433636304839574e+01,3.409215221682457830e-01,1.051295060452517860e-01,8.727616369768166749e+01,1.225484235462399063e+01,3.499999999999999778e-01,1.690000000000000113e-01,3.889999985694885254e-01,-4.005625844001770020e-01
8.763098597508353294e+01,1.513252384753060298e+01,1.039780767969230801e+00,5.889661110130260946e-01,8.535012145701445263e+01,1.232484931365292091e+01,3.409215221682457830e-01,1.051295060452517860e-01,8.691192148141436746e+01,1.344744134348050757e+01,9.157720451195124900e-01,5.517271444276825587e-01,8.731748831293366209e+01,1.227501352018747838e+01,1.034999999999999920e+00,5.859999999999999654e-01,1.189000010490417480e+00,-5.153720974922180176e-01
8.660034590969964086e+01,9.717142654364021581e+00,1.787804905842900860e+00,1.522122810920228275e+00,8.700349868592631708e+01,1.350261405792327629e+01,9.157720451195124900e-01,5.517271444276825587e-01,8.679603893137759485e+01,1.201593912219234284e+01,1.320346938255285929e+00,8.407996017637365815e-01,8.746254980596282280e+01,1.237314088546632718e+01,1.957000000000000073e+00,1.370000000000000107e+00,2.388999938964843750e+00,-7.053016424179077148e-01
8.660034590969964086e+01,9.717142654364021581e+00,3.105054674106986656e+00,2.643618737797573726e+00,8.692807362520312608e+01,1.210001908236871593e+01,1.320346938255285929e+00,8.407996017637365815e-01,8.690687352274829891e+01,1.115405322940936017e+01,2.232717943671250982e+00,2.032184564716077890e+00,8.746254980596282280e+01,1.237314088546632718e+01,2.601999999999999869e+00,2.471999999999999975e+00,3.989000082015991211e+00,-7.053016424179077148e-01
9.044888985159137462e+01,1.199472965189314522e+01,1.855001935003071756e+00,3.612573565716531654e+00,8.713014531711542077e+01,1.135727168588096880e+01,2.232717943671250982e+00,2.032184564716077890e+00,8.824878305600898898e+01,1.168445407190206353e+01,1.840094875426837584e+00,2.499760463057744797e+00,8.773782217515829984e+01,1.269561059592564867e+01,8.639999999999999902e-01,3.894000000000000128e+00,3.989000082015991211e+00,-1.096419095993041992e+00
8.889020454876583699e+01,1.431539447482090743e+01,7.384800011798692276e-01,5.113954868362204920e+00,8.843279254355167041e+01,1.193443011820783717e+01,1.840094875426837584e+00,2.499760463057744797e+00,8.861214390037399369e+01,1.289316063193017925e+01,1.299972669329808816e+00,4.442114022914262605e+00,8.784082663070907415e+01,1.298802621468317398e+01,-1.229999999999999982e-01,5.187000000000000277e+00,5.189000129699707031e+00,-1.427382826805114746e+00
9.112138950851239372e+01,1.315270386478508158e+01,-1.593120653384206831e+00,5.362350328663981536e+00,8.874214116730696844e+01,1.333737203422160533e+01,1.299972669329808816e+00,4.442114022914262605e+00,8.977128008386293345e+01,1.330330710558154017e+01,-1.142872784056747637e-01,4.714638463829763815e+00,8.782215750262979270e+01,1.346920163718594843e+01,-2.758999999999999897e+00,4.905999999999999694e+00,5.629000186920166016e+00,-1.859584689140319824e+00
8.450596153714367631e+01,1.574938602543864796e+01,-3.440134101471460149e+00,4.520977881807342946e+00,8.975985135602236653e+01,1.377477095196451629e+01,-1.142872784056747637e-01,4.714638463829763815e+00,8.597731814095378411e+01,1.456264564466226297e+01,-2.344166339237000685e+00,4.649904815406618042e+00,8.759584677190751734e+01,1.395143373092467343e+01,-3.705000000000000071e+00,4.238000000000000433e+00,5.629000186920166016e+00,-2.221254110336303711e+00
8.820765101906368955e+01,1.028800399411242239e+01,-4.621169921948898640e+00,2.774326425132692897e+00,8.574290150703008351e+01,1.502763612620292477e+01,-2.344166339237000685e+00,4.649904815406618042e+00,8.674664426745582091e+01,1.303006039549187456e+01,-3.498199198939160759e+00,4.096872379310150691e+00,8.712908804431823739e+01,1.439185197463574362e+01,-4.956999999999999851e+00,2.609999999999999876e+00,5.602000236511230469e+00,-2.600914716720581055e+00
8.865900123161168267e+01,1.513950676997042599e+01,-5.272999807400742256e+00,1.524661376884767661e+00,8.639682434756190332e+01,1.343974763342288981e+01,-3.498199198939160759e+00,4.096872379310150691e+00,8.767979544047759077e+01,1.411058691366860174e+01,-4.230634680214754084e+00,2.334476018674024544e+00,8.663887655726458092e+01,1.461758287099558551e+01,-5.437999999999999723e+00,1.100000000000000089e+00,5.547999858856201172e+00,-2.860124111175537109e+00
8.530898445890385062e+01,1.626252885040185348e+01,-5.733406623533054081e+00,6.918631300489674896e-01,8.725673197245610879e+01,1.434403451553600384e+01,-4.230634680214754084e+00,2.334476018674024544e+00,8.674960302749664720e+01,1.504678307008911631e+01,-4.745135715496942019e+00,1.847273170019733790e+00,8.611696493619551518e+01,1.472668702781573025e+01,-5.508000000000000007e+00,6.650000000000000355e-01,5.547999858856201172e+00,-3.021501064300537109e+00
8.629986828577229119e+01,1.527994395667702321e+01,-5.484736549289706886e+00,5.056954125485177975e-01,8.627508945594695433e+01,1.523151038709108995e+01,-4.745135715496942019e+00,1.847273170019733790e+00,8.621151230430432122e+01,1.524674110912325631e+01,-5.133259364762086996e+00,8.972250039921731979e-01,8.558920156970253856e+01,1.477581460618568876e+01,-5.536999999999999922e+00,6.049999999999999822e-01,5.570000171661376953e+00,-3.049652099609375000e+00
8.754099905488094180e+01,1.829037411295195525e+01,-5.056715163136398239e+00,9.651597400362601498e-01,8.569818636782811438e+01,1.533646360952247356e+01,-5.133259364762086996e+00,8.972250039921731979e-01,8.629453604377626164e+01,1.653291505412568796e+01,-5.227605427412548522e+00,9.159440196486083874e-01,8.495576727363135205e+01,1.486059625323517253e+01,-5.062999999999999723e+00,1.046000000000000041e+00,5.170000076293945312e+00,-2.952994108200073242e+00
8.472831425076968515e+01,1.197434528014557742e+01,-1.981744609655843536e+00,1.876200895905030697e+00,8.577177550103500892e+01,1.662450945609054997e+01,-5.227605427412548522e+00,9.159440196486083874e-01,8.544162955985538588e+01,1.477063043590664115e+01,-3.608677724188179781e+00,1.426106771351488112e+00,8.453116095052158130e+01,1.500427873227305042e+01,-1.455999999999999961e+00,2.355999999999999872e+00,2.769999980926513672e+00,-2.383545160293579102e+00
8.542979526509392940e+01,1.292037136675059550e+01,-4.373021406740599248e-01,1.520358803728759645e+00,8.508076178743657181e+01,1.491324111304179034e+01,-3.608677724188179781e+00,1.426106771351488112e+00,8.492022720112780121e+01,1.411222163499962257e+01,-2.262838109092463412e+00,1.454950133172836946e+00,8.438881933694591453e+01,1.521005113223301741e+01,-4.339999999999999969e-01,1.508999999999999897e+00,1.570000052452087402e+00,-1.850867033004760742e+00
8.290550637230539621e+01,1.910856635657245661e+01,-4.909991505944995283e-02,3.687454472998161759e-01,8.469394339021854989e+01,1.425771664831690622e+01,-2.262838109092463412e+00,1.454950133172836946e+00,8.376702967697822544e+01,1.619134406554164229e+01,-1.255946236813042960e+00,8.628144094430750810e-01,8.437511312961473209e+01,1.526702172890685993e+01,-5.399999999999999939e-02,3.659999999999999920e-01,3.700000047683715820e-01,-1.703171610832214355e+00
8.431375883167734742e+01,1.739549095712865778e+01,-2.387151787212544451e-01,2.333823227584867155e+00,8.364143505329691664e+01,1.627762550648595052e+01,-1.255946236813042960e+00,8.628144094430750810e-01,8.377329980655837005e+01,1.679408593620415857e+01,-8.630067967773153992e-01,1.297781563199720489e+00,8.436823523015047499e+01,1.532137544295516740e+01,-2.059999999999999887e-01,2.361000000000000210e+00,2.369999885559082031e+00,-1.672726869583129883e+00
8.600131535565505203e+01,1.764804942787100117e+01,-4.947590803754979560e-02,3.697668967871765577e+00,8.368699912688063591e+01,1.692386409252413060e+01,-8.630067967773153992e-01,1.297781563199720489e+00,8.528296107128093695e+01,1.722038299936161465e+01,-2.246113599679614437e-01,3.027117880632602009e+00,8.435210287596807177e+01,1.557424218803277860e+01,-1.199999999999999956e-01,3.568000000000000060e+00,3.569999933242797852e+00,-1.584175825119018555e+00
8.600131535565505203e+01,1.764804942787100117e+01,-3.113316241638273973e-02,2.326791626571046656e+00,8.526049993528414461e+01,1.752309478742487414e+01,-2.246113599679614437e-01,3.027117880632602009e+00,8.548613848307050489e+01,1.754272317454600483e+01,-1.922524081571464483e-01,2.819726304861573496e+00,8.435210287596807177e+01,1.557424218803277860e+01,1.380000000000000115e-01,2.366000000000000103e+00,2.369999885559082031e+00,-1.584175825119018555e+00
8.746317040922355091e+01,1.736682923009856694e+01,1.298996305890351421e-01,4.631275115302023737e-01,8.546691324225479036e+01,1.782469580503216378e+01,-1.922524081571464483e-01,2.819726304861573496e+00,8.680262385939100511e+01,1.763465110381738299e+01,1.580681726816022814e-01,1.130903173967297226e+00,8.437118780596959766e+01,1.583223397824415279e+01,1.320000000000000062e-01,4.689999999999999725e-01,4.869999885559082031e-01,-1.297339320182800293e+00
8.346895098730153961e+01,1.292960579473557026e+01,1.706719207285458118e-01,4.454212541574754658e-01,8.681843067665916180e+01,1.774774142121411202e+01,1.580681726816022814e-01,1.130903173967297226e+00,8.572136629835978283e+01,1.577088423419575491e+01,3.950950302590559016e-01,9.302376163253569530e-01,8.437931311120061650e+01,1.585756738310844050e+01,1.559999999999999998e-01,4.610000000000000209e-01,4.869999885559082031e-01,-1.204882502555847168e+00
8.346895098730153961e+01,1.292960579473557026e+01,2.454526966405169708e-01,6.405848572352031978e-01,8.576087580138569422e+01,1.586390799582829025e+01,3.950950302590559016e-01,9.302376163253569530e-01,8.425107095072213781e+01,1.469134801456162442e+01,1.091223806387574546e-01,6.167507848633440037e-01,8.437931311120061650e+01,1.585756738310844050e+01,3.039999999999999925e-01,6.270000000000000018e-01,6.970000267028808594e-01,-1.204882502555847168e+00
8.019852125678387722e+01,1.846448476438567710e+01,-2.821996690839109201e-01,-4.438911700488091805e-01,8.426198318878601867e+01,1.475302309304795934e+01,1.091223806387574546e-01,6.167507848633440037e-01,8.296629162118894385e+01,1.620581985242136369e+01,2.210258415795939846e-01,3.009956833658925524e-01,8.440738165417312189e+01,1.591493661589899666e+01,-2.700000000000000178e-01,-4.249999999999999889e-01,-5.030000209808349609e-01,-1.004510641098022461e+00
8.019852125678387722e+01,1.846448476438567710e+01,-4.973366501051663668e-01,-7.822948490336267824e-01,8.298839420534690703e+01,1.623591942075795203e+01,2.210258415795939846e-01,3.009956833658925524e-01,8.109276517527983685e+01,1.712247227066880129e+01,-4.100888182564010331e-01,-3.855725166996644138e-01,8.440738165417312189e+01,1.591493661589899666e+01,-2.700000000000000178e-01,-4.249999999999999889e-01,-5.030000209808349609e-01,-1.004510641098022461e+00
8.289378654931566359e+01,1.679198755157644385e+01,6.147461897178410073e-01,1.386858320342271744e+00,8.105175629345418997e+01,1.708391501899883380e+01,-4.100888182564010331e-01,-3.855725166996644138e-01,8.156569822117491242e+01,1.704406245687894739e+01,-9.473788093187923698e-02,1.392959865923948382e-01,8.437875997991383770e+01,1.586328179979497044e+01,6.590000000000000302e-01,1.344000000000000083e+00,1.496999979019165039e+00,-1.153557062149047852e+00
8.521097469365666655e+01,1.448118860859270640e+01,2.021451109126388701e+00,3.221264380691156504e+00,8.155622443308172365e+01,1.705799205553818609e+01,-9.473788093187923698e-02,1.392959865923948382e-01,8.416618375882784164e+01,1.603850844748433602e+01,1.352259933725725505e+00,2.231082817788200501e+00,8.443727743651801632e+01,1.597632081687231320e+01,2.611000000000000210e+00,2.892999999999999794e+00,3.897000074386596680e+00,-1.010377287864685059e+00
8.320244562641968855e+01,1.915443666123157840e+01,4.153734083746046579e+00,3.354313128614164530e+00,8.430140975220041355e+01,1.626161672926315660e+01,1.352259933725725505e+00,2.231082817788200501e+00,8.369912561384491312e+01,1.747988262903696111e+01,2.638423645464707867e+00,2.562252491061114856e+00,8.464443838638517548e+01,1.622658403107665492e+01,4.238000000000000433e+00,2.831999999999999851e+00,5.097000122070312500e+00,-6.793226003646850586e-01
8.320244562641968855e+01,1.915443666123157840e+01,5.386357822653114802e+00,3.692590130952494443e-01,8.396296797839139003e+01,1.773610787814307344e+01,2.638423645464707867e+00,2.562252491061114856e+00,8.376354223899751616e+01,1.829573288841043777e+01,4.020098704951297286e+00,1.058548989166025800e+00,8.464443838638517548e+01,1.622658403107665492e+01,5.360999999999999766e+00,1.540999999999999925e+00,5.578000068664550781e+00,-6.844739615917205811e-02
8.637489867219997564e+01,1.502260179689105257e+01,3.656050078130492320e+00,-2.207880894468397415e+00,8.416555210949265131e+01,1.840158778732704192e+01,4.020098704951297286e+00,1.058548989166025800e+00,8.492000335888549500e+01,1.689246782912828948e+01,3.710083134816408723e+00,9.311114518653340610e-02,8.578715765487231693e+01,1.636366899108947237e+01,3.358000000000000096e+00,-2.471999999999999975e+00,4.170000076293945312e+00,5.432806611061096191e-01
8.472533845931300789e+01,1.231535728121232687e+01,1.723246495721571625e+00,-2.300064766825935969e+00,8.529101167236713366e+01,1.690177894364694211e+01,3.710083134816408723e+00,9.311114518653340610e-02,8.470818339885209980e+01,1.506308175336567423e+01,2.610342396907912921e+00,-1.773593704434411888e+00,8.605723822157102632e+01,1.613915879919112228e+01,1.925000000000000044e+00,-2.262000000000000011e+00,2.970000028610229492e+00,9.277968406677246094e-01
8.428276872645487572e+01,1.755376477401906854e+01,3.174275217346486766e+00,-4.236792940391412188e+00,8.496921763854288656e+01,1.488572238292223382e+01,2.610342396907912921e+00,-1.773593704434411888e+00,8.469575260350991641e+01,1.585515293769380740e+01,2.901411180757101693e+00,-2.504085890339379006e+00,8.626757681360069796e+01,1.569420297321184776e+01,1.427000000000000046e+00,-5.176999999999999602e+00,5.369999885559082031e+00,1.385517358779907227e+00
8.428276872645487572e+01,1.755376477401906854e+01,1.019661735363539767e+00,-5.440267755936971206e+00,8.498589372158562583e+01,1.560474434865986915e+01,2.901411180757101693e+00,-2.504085890339379006e+00,8.432481447433625021e+01,1.637399942231750316e+01,1.844721759633008995e+00,-4.515541639426041698e+00,8.626757681360069796e+01,1.569420297321184776e+01,1.429999999999999882e-01,-5.503000000000000114e+00,5.504000186920166016e+00,1.385517358779907227e+00
8.580657109599893317e+01,1.648195333682729569e+01,-1.362501096123982069e+00,-5.414192627494577970e+00,8.450928665029955766e+01,1.592244525837489988e+01,1.844721759633008995e+00,-4.515541639426041698e+00,8.521161311824991458e+01,1.610890651182582189e+01,3.695707887722672336e-01,-4.781852501847926540e+00,8.626189672988242307e+01,1.506695230127433582e+01,-1.633000000000000007e+00,-5.275000000000000355e+00,5.521999835968017578e+00,1.817330718040466309e+00
8.739157891301081804e+01,1.701828105645935452e+01,-1.720394307813046808e+00,-5.245058933422310332e+00,8.524857019712713679e+01,1.563072126164103004e+01,3.695707887722672336e-01,-4.781852501847926540e+00,8.641990461162171755e+01,1.618335803650814597e+01,-5.399710497254562869e-01,-5.059428759423688859e+00,8.611149466035271871e+01,1.456333406098419836e+01,-1.701000000000000068e+00,-5.177999999999999936e+00,5.449999809265136719e+00,1.887741804122924805e+00
8.275338065638671026e+01,1.311733265060931153e+01,-1.420590736956605760e+00,-5.312336939163390781e+00,8.636590750664916527e+01,1.567741516056577744e+01,-5.399710497254562869e-01,-5.059428759423688859e+00,8.526015346889273872e+01,1.463193068435541377e+01,-6.706120452900835582e-01,-5.133095184600387384e+00,8.591955435307856703e+01,1.395981176007565416e+01,-9.769999999999999796e-01,-5.347999999999999865e+00,5.436999797821044922e+00,1.832095861434936523e+00
8.646262377521472331e+01,1.437216456099215023e+01,-6.476224327994335450e-01,-5.176647009806641719e+00,8.519309226436372739e+01,1.411862116589537486e+01,-6.706120452900835582e-01,-5.133095184600387384e+00,8.602293888388729215e+01,1.421972817260719069e+01,-5.438224821953234756e-01,-5.154664197769161404e+00,8.579605352849951316e+01,1.334284169799059683e+01,-6.780000000000000471e-01,-5.424000000000000377e+00,5.466000080108642578e+00,1.695254325866699219e+00
8.649189501985925688e+01,1.560059149457428695e+01,-7.998742621992968038e-01,-4.985238209705293855e+00,8.596855663566776684e+01,1.370426175283027526e+01,-5.438224821953234756e-01,-5.154664197769161404e+00,8.616197863512375932e+01,1.447789424709679018e+01,-6.906153042007151521e-01,-5.105399752713083217e+00,8.573010504272092192e+01,1.282397992725257474e+01,-9.080000000000000293e-01,-4.983999999999999986e+00,5.065999984741210938e+00,1.729888916015625000e+00
8.649189501985925688e+01,1.560059149457428695e+01,8.428730365566914351e-01,-3.594499742159963596e+00,8.609291710470368741e+01,1.396735427182548150e+01,-6.906153042007151521e-01,-5.105399752713083217e+00,8.651823910979508980e+01,1.462413671511922963e+01,1.547932766145621031e-01,-3.973334372148281890e+00,8.568459951896794280e+01,1.232087476408197624e+01,3.699999999999999817e-02,-3.866000000000000103e+00,3.865999937057495117e+00,1.340468049049377441e+00
8.578876711028024715e+01,1.118524671952739169e+01,9.793311867972029905e-01,-1.148038003183356803e+00,8.653371843745654246e+01,1.422680327790440202e+01,1.547932766145621031e-01,-3.973334372148281890e+00,8.621853443218330426e+01,1.312241720697073077e+01,5.624831632372362389e-01,-3.135466622278213489e+00,8.577276861691211707e+01,1.212222344963508114e+01,8.389999999999999680e-01,-1.201999999999999957e+00,1.465999960899353027e+00,8.645355701446533203e-01
8.578876711028024715e+01,1.118524671952739169e+01,-6.165438372920772903e-01,7.227542279692286131e-01,8.627478274850702178e+01,1.280887054474290920e+01,5.624831632372362389e-01,-3.135466622278213489e+00,8.583094665976011584e+01,1.217237096061973745e+01,-1.037012975865703179e-01,-4.578626117102837512e-01,8.577276861691211707e+01,1.212222344963508114e+01,1.779999999999999916e-01,-1.980000000000000093e-01,2.660000026226043701e-01,8.645355701446533203e-01
8.832746231598589759e+01,1.336277218003838207e+01,-1.377100835053059358e+00,1.701562168751102666e+00,8.582057653000146047e+01,1.212658469944870987e+01,-1.037012975865703179e-01,-4.578626117102837512e-01,8.675116297929777431e+01,1.272118220028559321e+01,-8.271103273397504285e-01,1.808553203920516550e-01,8.576580297968068578e+01,1.212991292666994525e+01,-5.150000000000000133e-01,1.655999999999999917e+00,-1.733999967575073242e+00,8.904008865356445312e-01
8.439270317594160531e+01,9.375718904822957001e+00,-1.220872144901427592e-01,5.106071748654611442e-01,8.666845194656380613e+01,1.273926773232479803e+01,-8.271103273397504285e-01,1.808553203920516550e-01,8.526131849657079442e+01,1.139720577205191354e+01,-6.605294334554553393e-01,2.910310672442345536e-01,8.566971456976398258e+01,1.230792386718296072e+01,-7.900000000000000078e-02,5.280000000000000249e-01,-5.339999794960021973e-01,1.336100578308105469e+00
8.930424320668581117e+01,1.343152136957523091e+01,9.196290963825244635e-03,-6.131417541533178139e-02,8.519526555322525496e+01,1.142630887877633761e+01,-6.605294334554553393e-01,2.910310672442345536e-01,8.648173171777376922e+01,1.222094348213060044e+01,-6.553149816435399622e-01,1.857730003195708357e-01,8.566189062636919971e+01,1.234353025103295209e+01,1.200000000000000025e-02,-6.300000000000000044e-02,6.400000303983688354e-02,1.421919703483581543e+00
8.588484962287319036e+01,1.565329320555369108e+01,8.975354472904447864e-03,-6.134690608693419561e-02,8.641620021960942211e+01,1.223952078216255757e+01,-6.553149816435399622e-01,1.857730003195708357e-01,8.614152050893876833e+01,1.360189020665909609e+01,-3.526904185390805635e-01,1.360716842317155617e-01,8.566119635110091224e+01,1.234656674980616842e+01,4.000000000000000083e-03,-6.400000000000000133e-02,6.400000303983688354e-02,1.425522089004516602e+00
8.871626532048419733e+01,1.240600079912269926e+01,5.506955827065670300e-02,-5.402002638924285893e-01,8.610625146708486000e+01,1.361549737508226698e+01,-3.526904185390805635e-01,1.360716842317155617e-01,8.692494093938627486e+01,1.309703190501675607e+01,-3.570019615893101350e-01,-6.356920513688305019e-02,8.565819418447273392e+01,1.236587865544589171e+01,5.500000000000000028e-02,-5.410000000000000364e-01,5.440000295639038086e-01,1.469204425811767578e+00
8.586334680038174838e+01,1.291510821677471910e+01,-6.222461826603854773e-02,3.036907939991612126e-01,8.688924074322734725e+01,1.309067498450306744e+01,-3.570019615893101350e-01,-6.356920513688305019e-02,8.625242947391967618e+01,1.302169563735521862e+01,-2.940703194301054757e-01,1.905357362709355351e-01,8.566190969945409961e+01,1.233934838853487825e+01,-6.099999999999999867e-02,2.979999999999999871e-01,-3.039999902248382568e-01,1.368698835372924805e+00
8.586334680038174838e+01,1.291510821677471910e+01,-3.034955480613089063e-01,1.481227310578040468e+00,8.622302244197666710e+01,1.304074921098231243e+01,-2.940703194301054757e-01,1.905357362709355351e-01,8.610615064612464664e+01,1.304685520712992108e+01,-2.732739340249546456e-01,5.727061784705813619e-01,8.566190969945409961e+01,1.233934838853487825e+01,-1.809999999999999942e-01,1.493999999999999995e+00,-1.503999948501586914e+00,1.368698835372924805e+00
8.588783168058124318e+01,1.444511969224845416e+01,2.751397390081483874e+00,2.821576382376175474e+00,8.607882325272214530e+01,1.310412582497697898e+01,-2.732739340249546456e-01,5.727061784705813619e-01,8.628039840993932330e+01,1.364647510993792778e+01,1.305899301698515869e+00,2.217596464441489168e+00,8.576821386806398095e+01,1.276730973853465834e+01,1.723000000000000087e+00,3.504000000000000004e+00,-3.904000043869018555e+00,2.343602418899536133e+00
8.588783168058124318e+01,1.444511969224845416e+01,3.077432053145285451e+00,3.155927104831993901e+00,8.641098834010917074e+01,1.386823475638207626e+01,1.305899301698515869e+00,2.217596464441489168e+00,8.608633758037038319e+01,1.414265473046748767e+01,2.107337438971117471e+00,2.495118585877627027e+00,8.576821386806398095e+01,1.276730973853465834e+01,4.519000000000000128e+00,4.480000000000000093e-01,-4.540999889373779297e+00,2.343602418899536133e+00
8.502713990195766769e+01,1.318707832497488397e+01,4.430713351565925606e+00,-1.135893531301716664e+00,8.629707132426749183e+01,1.439216658905525037e+01,2.107337438971117471e+00,2.495118585877627027e+00,8.571989221150174387e+01,1.389985155008881890e+01,3.218924099861155241e+00,-1.253805936652545583e-01,8.623053991770173354e+01,1.294188935894410619e+01,2.661999999999999922e+00,-3.729999999999999982e+00,-4.581999778747558594e+00,-2.890629529953002930e+00
8.508601081408144751e+01,1.499228055626965705e+01,1.038885233009128051e+00,-3.788126352546564490e+00,8.604178462148786366e+01,1.388731349072229371e+01,3.218924099861155241e+00,-1.253805936652545583e-01,8.591790872319919004e+01,1.417236773097733149e+01,2.343272323236645693e+00,-1.210263135523153677e+00,8.661343252674441828e+01,1.262627942760214417e+01,3.800000000000000044e-01,-4.165000000000000036e+00,-4.182000160217285156e+00,-1.838463068008422852e+00
8.566207450604314033e+01,1.093093950827242011e+01,-3.631025780949206916e-01,-1.739507212268515346e+00,8.615223595552285474e+01,1.405134141742501619e+01,2.343272323236645693e+00,-1.210263135523153677e+00,8.554105644970094602e+01,1.280373763793740594e+01,8.705788119156150362e-01,-1.700585098440945853e+00,8.662518942380661713e+01,1.227623136226517353e+01,-4.359999999999999987e-01,-1.727999999999999980e+00,-1.781999945640563965e+00,-1.365012407302856445e+00
8.566207450604314033e+01,1.093093950827242011e+01,-1.607378979082104697e-01,-5.645638517750027896e-01,8.562811433089250102e+01,1.263367912809331095e+01,8.705788119156150362e-01,-1.700585098440945853e+00,8.572857072934428402e+01,1.199578061009529861e+01,4.227223424288115150e-01,-1.363461226116637892e+00,8.662518942380661713e+01,1.227623136226517353e+01,-1.580000000000000016e-01,-5.600000000000000533e-01,-5.820000171661376953e-01,-1.293423891067504883e+00
8.568911230545266733e+01,1.396688265940843365e+01,4.261120775498352109e-01,1.680828481706720057e+00,8.577084296358717097e+01,1.185943448748363416e+01,4.227223424288115150e-01,-1.363461226116637892e+00,8.571794354310331698e+01,1.271026670025068128e+01,4.171300760082930492e-01,8.739735006184203847e-01,8.660813391181895327e+01,1.219493920951726018e+01,4.660000000000000253e-01,1.756999999999999895e+00,1.817999958992004395e+00,-1.322513937950134277e+00
8.560835897900331304e+01,1.149600787365094767e+01,6.654992801717930506e-01,4.176308475489311611e+00,8.575965655070415039e+01,1.279766405031252319e+01,4.171300760082930492e-01,8.739735006184203847e-01,8.568863438703802160e+01,1.241726237392029297e+01,5.348813541343685474e-01,1.852248652061051715e+00,8.666674673542425467e+01,1.246685750624144973e+01,6.650000000000000355e-01,4.165000000000000036e+00,4.217999935150146484e+00,-1.412773847579956055e+00
8.597657150009185045e+01,1.469619305294318323e+01,-6.803996788360931747e-02,5.330565633828237004e+00,8.574212252245145294e+01,1.260248723912639868e+01,5.348813541343685474e-01,1.852248652061051715e+00,8.582992331496174643e+01,1.344916141206618754e+01,2.378331932692726580e-01,4.397113897121499804e+00,8.671657049625441971e+01,1.304482228876300631e+01,-7.099999999999999367e-02,5.589000000000000412e+00,5.590000152587890625e+00,-1.583559751510620117e+00
8.597657150009185045e+01,1.469619305294318323e+01,-7.101376865393195514e-02,5.563546934102373775e+00,8.585370663428867033e+01,1.388887280177833716e+01,2.378331932692726580e-01,4.397113897121499804e+00,8.592066469522092120e+01,1.426644502319573782e+01,9.592254841401201548e-02,4.742057395627371719e+00,8.671657049625441971e+01,1.304482228876300631e+01,-7.099999999999999367e-02,5.589000000000000412e+00,5.590000152587890625e+00,-1.583559751510620117e+00
8.783464121863308094e+01,1.576898057595003699e+01,-1.033999860836838591e+00,5.314342918888399936e+00,8.593025695006232922e+01,1.474065076275847552e+01,9.592254841401201548e-02,4.742057395627371719e+00,8.704956551644202989e+01,1.515301771408622145e+01,-3.284594753523426558e-01,5.185928435282919580e+00,8.666027700943658374e+01,1.367904718082070481e+01,-1.493000000000000105e+00,5.288000000000000256e+00,5.494999885559082031e+00,-1.762963175773620605e+00
8.345862305175137408e+01,1.292932684559994527e+01,-1.829100191126348474e+00,5.300267925222938104e+00,8.701671956890679382e+01,1.567161055761451394e+01,-3.284594753523426558e-01,5.185928435282919580e+00,8.598248876733337909e+01,1.456869301352585211e+01,-7.307006054175618770e-01,5.221072168470421992e+00,8.653172552555396635e+01,1.418685777297738682e+01,-2.374000000000000110e+00,4.839999999999999858e+00,5.390999794006347656e+00,-1.903095483779907227e+00
8.470377802893158048e+01,1.399913169222475595e+01,-2.592959052339339543e+00,4.484301681921014193e+00,8.590941870679162662e+01,1.509080023037289386e+01,-7.307006054175618770e-01,5.221072168470421992e+00,8.492294520735318031e+01,1.465263822271658078e+01,-1.822486556013778181e+00,4.658170500216739285e+00,8.628446447849967171e+01,1.475752122521231868e+01,-2.865000000000000213e+00,4.567000000000000171e+00,5.390999794006347656e+00,-2.095054864883422852e+00
8.740958321066031544e+01,1.967202384559177375e+01,-8.931122266082947014e-01,3.733667292109784874e+00,8.474069655175179605e+01,1.511845527273825418e+01,-1.822486556013778181e+00,4.658170500216739285e+00,8.553346143802080803e+01,1.691748388106859124e+01,-1.605541449837267098e+00,4.382322313422246651e+00,8.601571905612317437e+01,1.522287233027778264e+01,-3.950000000000000178e-01,3.770000000000000018e+00,3.790999889373779297e+00,-1.805589556694030762e+00
8.309572708587622003e+01,1.364457340419490450e+01,1.090272153771456587e+00,5.362284211662792899e+00,8.537290729303708758e+01,1.735571611241081769e+01,-1.605541449837267098e+00,4.382322313422246651e+00,8.417943963015659392e+01,1.587685062990411389e+01,-3.883500891324878079e-01,4.941021477250870930e+00,8.601553213594959857e+01,1.561491258302278418e+01,1.457000000000000073e+00,5.224000000000000199e+00,5.422999858856201172e+00,-1.370208263397216797e+00
8.394914782062954828e+01,1.433427937154684173e+01,2.220964837160861460e+00,4.699629636067497174e+00,8.414060462124334094e+01,1.637095277762919920e+01,-3.883500891324878079e-01,4.941021477250870930e+00,8.385191008114028932e+01,1.553744688036196742e+01,7.520597573778220468e-01,4.870517623805459273e+00,8.619591009635740875e+01,1.620860154742768344e+01,2.096000000000000085e+00,5.001999999999999780e+00,5.422999858856201172e+00,-1.129321932792663574e+00
8.394914782062954828e+01,1.433427937154684173e+01,1.242937012366219340e+00,2.630092796313099779e+00,8.392711605687807719e+01,1.602449864274251468e+01,7.520597573778220468e-01,4.870517623805459273e+00,8.399438887348952676e+01,1.534272880803581174e+01,1.013134665118816891e+00,3.218767723555519211e+00,8.619591009635740875e+01,1.620860154742768344e+01,2.402000000000000135e+00,3.474000000000000199e+00,4.223000049591064453e+00,-1.129321932792663574e+00
8.613506680731708798e+01,1.607803238745295715e+01,3.021430268210203884e+00,7.536283202871395526e-01,8.409570234000140942e+01,1.566460558039136330e+01,1.013134665118816891e+00,3.218767723555519211e+00,8.458901483597139759e+01,1.572302613423711648e+01,1.739677505283733439e+00,2.488764502093790298e+00,8.664934027236795089e+01,1.665581185909220352e+01,2.932999999999999829e+00,7.319999999999999840e-01,3.023000001907348633e+00,-2.444399297237396240e-01
8.613506680731708798e+01,1.607803238745295715e+01,4.095522612085694902e+00,1.021536673978076903e+00,8.476298258649977413e+01,1.597190258444649480e+01,1.739677505283733439e+00,2.488764502093790298e+00,8.591113579787173649e+01,1.600978669687019362e+01,3.107010700706048567e+00,1.451692601488516754e+00,8.664934027236795089e+01,1.665581185909220352e+01,4.222999999999999865e+00,3.200000000000000067e-02,4.223000049591064453e+00,-2.444399297237396240e-01
8.743400844913806225e+01,1.782909567536000139e+01,5.375904026535158309e+00,-1.465209949140386936e+00,8.622183686794234347e+01,1.615495595701904463e+01,3.107010700706048567e+00,1.451692601488516754e+00,8.642191028117814255e+01,1.670283314538393071e+01,4.003318558592138920e+00,5.873496240864968243e-01,8.709917700271711283e+01,1.666338594142765217e+01,5.230999999999999872e+00,-1.429000000000000048e+00,5.422999858856201172e+00,2.660883069038391113e-01
8.843562603036062342e+01,1.959225208837130339e+01,3.247181487334662719e+00,-3.171487616242485430e+00,8.682224213703734961e+01,1.676156810779258066e+01,4.003318558592138920e+00,5.873496240864968243e-01,8.779219483221591247e+01,1.788035365862161541e+01,3.749939317113416770e+00,-1.975323318736665446e+00,8.765355169775209276e+01,1.637161500603709641e+01,2.430000000000000160e+00,-3.976999999999999869e+00,4.659999847412109375e+00,7.736059427261352539e-01
9.087032020059596960e+01,1.584621040307403739e+01,1.623519671391590924e+00,-4.072301356485096058e+00,8.816718876392725690e+01,1.768282132674794838e+01,3.749939317113416770e+00,-1.975323318736665446e+00,8.923588644722202901e+01,1.684838824800855761e+01,2.644474042802343661e+00,-2.595270618301404042e+00,8.793616735914315541e+01,1.599451310730110087e+01,1.262999999999999901e+00,-4.068999999999999950e+00,4.260000228881835938e+00,1.191433787345886230e+00
8.970933568517519063e+01,1.764564688370161605e+01,-9.430338234760389238e-01,-5.254039331188140594e+00,8.950033385150226195e+01,1.658886118617841632e+01,2.644474042802343661e+00,-2.595270618301404042e+00,8.924982483181693738e+01,1.700269475787163032e+01,7.698620950667653950e-01,-4.442739868583712060e+00,8.801291525341417810e+01,1.545972116139225960e+01,-1.487000000000000099e+00,-5.190000000000000391e+00,5.399000167846679688e+00,1.748392701148986816e+00
8.970933568517519063e+01,1.764564688370161605e+01,-9.084076939391368954e-01,-5.061122553502359622e+00,8.932681104132360872e+01,1.655842077101326026e+01,7.698620950667653950e-01,-4.442739868583712060e+00,8.959736654748017770e+01,1.697044282474140076e+01,1.843498667013676595e-02,-4.626325767394700250e+00,8.801291525341417810e+01,1.545972116139225960e+01,-2.826000000000000068e+00,-4.599999999999999645e+00,5.399000167846679688e+00,1.748392701148986816e+00
8.981272017953010334e+01,1.535576362757650237e+01,-5.031667609180426659e+00,-2.003840281165472526e+00,8.959921004614719209e+01,1.650781024800193109e+01,1.843498667013676595e-02,-4.626325767394700250e+00,8.919397770683119120e+01,1.605582766958097451e+01,-2.627727687934039214e+00,-2.808104555922255052e+00,8.735299932971985015e+01,1.457060487427394868e+01,-4.934999999999999609e+00,-2.560999999999999943e+00,5.559999942779541016e+00,2.762599468231201172e+00
8.594508749223153643e+01,1.427849416279805617e+01,-5.320221142155580729e+00,5.344691796359305469e-01,8.893120493803779425e+01,1.577501721398874857e+01,-2.627727687934039214e+00,-2.808104555922255052e+00,8.818738143248940275e+01,1.531765708289176686e+01,-3.584372194398195433e+00,-1.817824752850017100e+00,8.674943411367468116e+01,1.446929033004263765e+01,-5.399000000000000021e+00,1.809999999999999942e-01,5.401999950408935547e+00,-3.041468620300292969e+00
8.594508749223153643e+01,1.427849416279805617e+01,-5.534144051146044241e+00,5.559598655714289572e-01,8.782894421304958144e+01,1.513587460760676429e+01,-3.584372194398195433e+00,-1.817824752850017100e+00,8.639103587223709724e+01,1.480079112824496157e+01,-4.783599710872081801e+00,-1.652095926898224931e-01,8.674943411367468116e+01,1.446929033004263765e+01,-5.280000000000000249e+00,1.139000000000000012e+00,5.401999950408935547e+00,-3.041468620300292969e+00
8.970658314222623630e+01,1.519927306285146251e+01,-4.899340673315448313e+00,1.933326681232653277e+00,8.591267590114989616e+01,1.478427016897597923e+01,-4.783599710872081801e+00,-1.652095926898224931e-01,8.716409496745569641e+01,1.504440454126572746e+01,-5.095907480338910389e+00,4.558695040601701276e-01,8.614311468583490239e+01,1.461188371345450676e+01,-5.206000000000000405e+00,1.860999999999999988e+00,5.527999877929687500e+00,-2.765741825103759766e+00
8.431085550769530812e+01,1.735530002307090314e+01,-2.526185734079468670e+00,2.874771972242706308e+00,8.665450421942180981e+01,1.508999149167174458e+01,-5.095907480338910389e+00,4.558695040601701276e-01,8.540412609960273471e+01,1.600194227059250451e+01,-3.951270429125313122e+00,2.255410052805812526e+00,8.562223303342317138e+01,1.487651689144008671e+01,-1.651000000000000023e+00,3.564000000000000057e+00,3.927999973297119141e+00,-2.291742324829101562e+00
8.605703491013254336e+01,1.440879727765669926e+01,-6.518439789614308699e-01,5.101524254763957877e+00,8.500899905669020029e+01,1.622748327587308736e+01,-3.951270429125313122e+00,2.255410052805812526e+00,8.506608963024770276e+01,1.561808659755437212e+01,-2.598444286508067691e+00,3.098864205882382983e+00,8.546224462961495760e+01,1.522006852829658108e+01,-6.500000000000000222e-01,5.086999999999999744e+00,5.127999782562255859e+00,-1.697882056236267090e+00
8.658974802476569721e+01,1.750949902699398564e+01,1.872999099870434225e+00,2.761782514794466348e+00,8.480624520159689439e+01,1.592797301814261068e+01,-2.598444286508067691e+00,3.098864205882382983e+00,8.645057710314706867e+01,1.655844718471645649e+01,-7.734116374499988567e-02,2.917909628923555321e+00,8.551108419876817379e+01,1.574438340803139624e+01,1.917999999999999927e+00,2.831999999999999851e+00,3.420000076293945312e+00,-9.748619198799133301e-01
8.327269995236152056e+01,1.516369028202156954e+01,9.035611685366965462e-01,3.996513063394869225e-01,8.644284298677257539e+01,1.685023814760881322e+01,-7.734116374499988567e-02,2.917909628923555321e+00,8.532057368372359463e+01,1.605787277924619971e+01,5.655723193282411465e-01,2.173170891301246854e+00,8.569985449311377579e+01,1.592084939630027840e+01,9.330000000000000515e-01,4.129999999999999782e-01,1.019999980926513672e+00,-4.164379239082336426e-01
8.327269995236152056e+01,1.516369028202156954e+01,5.496359165653526002e-01,2.431077382643443696e-01,8.537713091565642287e+01,1.627518986837632298e+01,5.655723193282411465e-01,2.173170891301246854e+00,8.400393093665437050e+01,1.582545454007072649e+01,3.671028694383052793e-01,7.629151032846108738e-01,8.569985449311377579e+01,1.592084939630027840e+01,5.490000000000000435e-01,1.890000000000000013e-01,5.809999704360961914e-01,-4.164379239082336426e-01
8.385221672090874279e+01,2.107063062323743807e+01,4.754290969020786850e-01,7.931687956216891544e-02,8.404064122359820033e+01,1.590174605039918809e+01,3.671028694383052793e-01,7.629151032846108738e-01,8.396960299276553030e+01,1.795999300070906202e+01,4.269252931990827893e-01,5.580969960615460579e-01,8.577680838143157871e+01,1.594549615514760532e+01,4.560000000000000164e-01,9.099999999999999756e-02,4.650000035762786865e-01,-1.653097271919250488e-01
8.385221672090874279e+01,2.107063062323743807e+01,8.344668652095444950e-01,1.392159383549010920e-01,8.401229552208543794e+01,1.801580270031521636e+01,4.269252931990827893e-01,5.580969960615460579e-01,8.395190153923796572e+01,1.923431879464044414e+01,6.275685901466239169e-01,3.733244101598319764e-01,8.577680838143157871e+01,1.594549615514760532e+01,8.599999999999999867e-01,9.199999999999999845e-02,8.650000095367431641e-01,-1.653097271919250488e-01
8.428348267076806621e+01,1.974383575991106810e+01,2.120837069993328772e+00,1.158724748763155926e-01,8.401465839825263515e+01,1.927165123565642801e+01,6.275685901466239169e-01,3.733244101598319764e-01,8.397325561027277274e+01,1.945108289552038983e+01,1.254044654425198635e+00,2.968826783595919228e-01,8.582797873043490711e+01,1.595117242526453438e+01,2.064000000000000057e+00,3.899999999999999994e-02,2.065000057220458984e+00,-5.458099022507667542e-02
8.572481817041470720e+01,1.569848404603585301e+01,4.347033629573923363e+00,-7.601766676713254123e-01,8.409866007571528712e+01,1.948077116335634784e+01,1.254044654425198635e+00,2.968826783595919228e-01,8.549185712366298162e+01,1.796725871109551065e+01,3.033388843740816299e+00,-5.922741492190748414e-01,8.605032217514863646e+01,1.594203813153950122e+01,4.253999999999999559e+00,-1.354000000000000092e+00,4.465000152587890625e+00,1.731219589710235596e-01
8.714928925075558652e+01,1.863415701540856872e+01,4.438191201960319354e+00,-3.365614470962143390e+00,8.579519600803706680e+01,1.790803129617360412e+01,3.033388843740816299e+00,-5.922741492190748414e-01,8.611656455535296573e+01,1.807921107431409524e+01,3.546614017908888528e+00,-1.413668196557029244e+00,8.654051840294607700e+01,1.574957521063248045e+01,3.742999999999999883e+00,-4.120000000000000107e+00,5.566999912261962891e+00,6.488111615180969238e-01
8.622845250395087646e+01,1.627824850190288331e+01,2.142861155953748042e+00,-5.293738440285968849e+00,8.647122595714385795e+01,1.793784425465839405e+01,3.546614017908888528e+00,-1.413668196557029244e+00,8.616168914761806263e+01,1.726328064913909088e+01,2.783787200475736689e+00,-4.227596477605450431e+00,8.694764578370029540e+01,1.526193292294951576e+01,1.227000000000000091e+00,-5.395999999999999908e+00,5.533999919891357422e+00,1.186166048049926758e+00
9.047110545643165835e+01,1.273187215509913450e+01,4.486468485567551845e-03,-5.512998185904208093e+00,8.644006786766563266e+01,1.684052100137854424e+01,2.783787200475736689e+00,-4.227596477605450431e+00,8.799982547525630139e+01,1.512388263662999677e+01,1.304479023141892791e+00,-4.606203810945689092e+00,8.694764578370029540e+01,1.526193292294951576e+01,4.000000000000000083e-03,-5.533999999999999808e+00,5.533999919891357422e+00,1.569982528686523438e+00
8.834185647951741771e+01,1.635899646398875618e+01,-2.505858521589797494e+00,-5.038233861028376559e+00,8.813027337757048940e+01,1.466326225553542706e+01,1.304479023141892791e+00,-4.606203810945689092e+00,8.785742651895435529e+01,1.533904918709851017e+01,-6.875093658988831180e-01,-4.850320051000016619e+00,8.694779837153274116e+01,1.412360532437986116e+01,-2.436999999999999833e+00,-4.900000000000000355e+00,5.473000049591064453e+00,2.032336473464965820e+00
8.834185647951741771e+01,1.635899646398875618e+01,-2.443067417190416535e+00,-4.911987201198745545e+00,8.778867558236446200e+01,1.485401718199850762e+01,-6.875093658988831180e-01,-4.850320051000016619e+00,8.812176656492694349e+01,1.545935166804049032e+01,-1.484122616185080235e+00,-4.869286503501395025e+00,8.694779837153274116e+01,1.412360532437986116e+01,-3.282999999999999918e+00,-4.378000000000000114e+00,5.473000049591064453e+00,2.032336473464965820e+00
8.566430777312079670e+01,1.319669900654919381e+01,-3.763586283907976782e+00,-3.743031286939337843e+00,8.797335430330844019e+01,1.497242301769035144e+01,-1.484122616185080235e+00,-4.869286503501395025e+00,8.622280546460157780e+01,1.426682222457317728e+01,-2.895761875557583132e+00,-4.135570910678147527e+00,8.659040319922453932e+01,1.361060578941784094e+01,-3.861000000000000210e+00,-3.839999999999999858e+00,5.446000099182128906e+00,2.358932733535766602e+00
8.788596618220583423e+01,1.273340441166178749e+01,-4.819466806669602477e+00,-2.200350472958849668e+00,8.593322927704582526e+01,1.385326513350536182e+01,-2.895761875557583132e+00,-4.135570910678147527e+00,8.673883130708485112e+01,1.348607813232220032e+01,-3.861776271809845618e+00,-3.562117819118431949e+00,8.617946493648784667e+01,1.329939038844354116e+01,-4.963000000000000078e+00,-1.850000000000000089e+00,5.296999931335449219e+00,2.713301181793212891e+00
8.788596618220583423e+01,1.273340441166178749e+01,-4.819466806669602477e+00,-2.200350472958849668e+00,8.635265367990386665e+01,1.312986635041035655e+01,-3.861776271809845618e+00,-3.562117819118431949e+00,8.724869632104109485e+01,1.297572902649702442e+01,-4.228766999959948869e+00,-2.610552863334234086e+00,8.617946493648784667e+01,1.329939038844354116e+01,-4.963000000000000078e+00,-1.850000000000000089e+00,5.296999931335449219e+00,2.713301181793212891e+00
8.788596618220583423e+01,1.273340441166178749e+01,-4.819466806669602477e+00,-2.200350472958849668e+00,8.682581962104509898e+01,1.271467374016360097e+01,-4.228766999959948869e+00,-2.610552863334234086e+00,8.722387993381539673e+01,1.274031507941750796e+01,-4.557235973999835821e+00,-2.489120661527437495e+00,8.617946493648784667e+01,1.329939038844354116e+01,-4.963000000000000078e+00,-1.850000000000000089e+00,5.296999931335449219e+00,2.713301181793212891e+00
8.788596618220583423e+01,1.273340441166178749e+01,-4.819466806669602477e+00,-2.200350472958849668e+00,8.676815633641541581e+01,1.249140301326476354e+01,-4.557235973999835821e+00,-2.489120661527437495e+00,8.746837863922780798e+01,1.258891909239059892e+01,-4.594688323941820585e+00,-2.275336632514036950e+00,8.617946493648784667e+01,1.329939038844354116e+01,-4.963000000000000078e+00,-1.850000000000000089e+00,5.296999931335449219e+00,2.713301181793212891e+00
