5.404903137950350933e-01,-1.024759054724116991e+00,0.000000000000000000e+00,0.000000000000000000e+00,0.000000000000000000e+00,0.000000000000000000e+00,0.000000000000000000e+00,0.000000000000000000e+00,3.844084815480714595e-02,-6.448064256395495686e-02,0.000000000000000000e+00,0.000000000000000000e+00,-2.315739546104662594e-01,-1.275010108973423817e+00,0.000000000000000000e+00,0.000000000000000000e+00,0.000000000000000000e+00,-1.725144829833880067e-05
5.404903137950350933e-01,-1.024759054724116991e+00,0.000000000000000000e+00,-0.000000000000000000e+00,3.844084815480714595e-02,-6.448064256395495686e-02,0.000000000000000000e+00,0.000000000000000000e+00,7.459890432468417598e-02,-1.279672660221595482e-01,6.226087161957433516e-03,-2.343424737429868066e-02,-2.315739546104662594e-01,-1.275010108973423817e+00,0.000000000000000000e+00,0.000000000000000000e+00,0.000000000000000000e+00,3.601311182137578726e-04
-3.029143944750410267e+00,-1.126232010935392269e+00,1.540999688441404114e+00,9.933159183884853090e-04,7.522151304087991430e-02,-1.303106907595894259e-01,6.226087161957433516e-03,-2.343424737429868066e-02,-1.258978829684523348e-01,-2.006767875624164421e-01,3.928569636528590064e-02,-5.590457043741538928e-02,-2.169903672427251073e-01,-1.275012207882338267e+00,1.600000000000000089e+00,-2.000000000000000042e-03,1.600000023841857910e+00,-6.445918115787208080e-04
-2.740947900753425842e-02,-7.298983442478174100e-02,2.844968312545102407e+00,-1.343366690366250629e-02,-1.219693133319237482e-01,-2.062672446061579734e-01,3.928569636528590064e-02,-5.590457043741538928e-02,-3.178570594315870135e-02,-1.941097361740711236e-01,2.354472376907975339e-01,-4.602853139886113609e-02,-2.169903672427251073e-01,-1.275012207882338267e+00,2.799999999999999822e+00,-2.100000000000000130e-02,2.799999952316284180e+00,4.721868783235549927e-03
-2.740947900753425842e-02,-7.298983442478174100e-02,4.109954315225969879e+00,-1.940680921350005847e-02,-8.240982174078946565e-03,-1.987125893139572441e-01,2.354472376907975339e-01,-4.602853139886113609e-02,1.275626378445361697e-01,-1.872191563233391309e-01,5.049377755137096635e-01,-3.790955470956779844e-02,1.874647990333528497e-02,-1.276425493059853533e+00,3.999000000000000110e+00,-8.599999999999999312e-02,4.000000000000000000e+00,4.721868783235549927e-03
1.983421310299730678e+00,-3.980800947771268472e+00,5.523366822093531248e+00,-5.114950506426070298e-01,1.780564153959071361e-01,-1.910101117942959170e-01,5.049377755137096635e-01,-3.790955470956779844e-02,5.371055453229676147e-01,-5.355983087055277148e-01,9.298240850855485906e-01,-2.575404721376680084e-01,5.409480181693591128e-01,-1.294291338451168949e+00,5.618000000000000327e+00,-5.839999999999999636e-01,5.649000167846679688e+00,9.234229475259780884e-02
4.968061789949489437e+00,-2.226860838627640948e+00,5.437641523902774665e+00,-9.084182867549878138e-01,6.300879538315224959e-01,-5.613523559192945545e-01,9.298240850855485906e-01,-2.575404721376680084e-01,1.219050734633022604e+00,-7.394575212567202627e-01,1.434690364662287498e+00,-3.876700864994972462e-01,1.188069447698518966e+00,-1.350968496788946371e+00,5.434999999999999609e+00,-7.680000000000000160e-01,5.488999843597412109e+00,1.655324101448059082e-01
5.079169854161077247e+00,-5.176589103667689429e+00,5.523411579469714283e+00,-1.294160701907747901e+00,1.362519771099251376e+00,-7.782245299066700150e-01,1.434690364662287498e+00,-3.876700864994972462e-01,1.893911506420177471e+00,-1.216795227847625060e+00,1.887121430786320664e+00,-6.687009262447651814e-01,1.710385426838877843e+00,-1.431495757696634952e+00,5.320999999999999730e+00,-1.177000000000000046e+00,5.449999809265136719e+00,2.301528453826904297e-01
3.588350996418597560e+00,-6.984355611580538303e-01,5.306291698140834789e+00,-1.243288516488300077e+00,2.082623649498809737e+00,-1.283665320472101579e+00,1.887121430786320664e+00,-6.687009262447651814e-01,2.384098069230525141e+00,-1.259012828743647949e+00,2.189807239648063675e+00,-6.771932390939989777e-01,2.321248158887540658e+00,-1.570088343795978947e+00,5.235000000000000320e+00,-1.528000000000000025e+00,5.453000068664550781e+00,2.301528453826904297e-01
4.835715159477955716e+00,-2.801826404536730930e+00,5.275623734224860861e+00,-1.593397922288303903e+00,2.603078793195331642e+00,-1.326732152653047780e+00,2.189807239648063675e+00,-6.771932390939989777e-01,2.963596636315244393e+00,-1.507437386445097838e+00,2.503203663200847195e+00,-8.074481477706423327e-01,2.922352894952047198e+00,-1.748294519070752617e+00,5.233999999999999986e+00,-1.683999999999999941e+00,5.498000144958496094e+00,2.933183610439300537e-01
3.036850973563883560e+00,-5.942013489621369438e+00,5.014619308919984420e+00,-1.785475202648206139e+00,3.213917002635329201e+00,-1.588182201222162027e+00,2.503203663200847195e+00,-8.074481477706423327e-01,3.315682504950169029e+00,-2.039391282084385359e+00,2.659339923006883044e+00,-1.080994028819123098e+00,3.517472370845083685e+00,-1.957731711047410839e+00,5.139999999999999680e+00,-1.909999999999999920e+00,5.482999801635742188e+00,3.420579135417938232e-01
3.036850973563883560e+00,-5.942013489621369438e+00,4.920475982646197899e+00,-1.923279756974984211e+00,3.581616497250857289e+00,-2.147490684966297803e+00,2.659339923006883044e+00,-1.080994028819123098e+00,3.635810123821932915e+00,-2.541812005181815604e+00,2.779056150288494287e+00,-1.315913552811071474e+00,3.517472370845083685e+00,-1.957731711047410839e+00,5.025999999999999801e+00,-2.004999999999999893e+00,5.410999774932861328e+00,3.726133406162261963e-01
5.574621304531898858e+00,-1.871864723633120953e+00,5.193714860982902692e+00,-2.133904490004737475e+00,3.913715738850782166e+00,-2.673403360462922596e+00,2.779056150288494287e+00,-1.315913552811071474e+00,4.192422733877634755e+00,-2.637292152968599090e+00,3.015179944043389959e+00,-1.322368339361225775e+00,4.100365743115954587e+00,-2.184317873969174872e+00,5.080000000000000071e+00,-2.087000000000000188e+00,5.492000102996826172e+00,3.898356854915618896e-01
6.406035765394747727e+00,-5.359823035377755396e+00,5.072543994392825439e+00,-2.084119882417443392e+00,4.493940728281973662e+00,-2.769528986904721712e+00,3.015179944043389959e+00,-1.322368339361225775e+00,4.780907712542972199e+00,-3.048524308374787495e+00,3.239477682854389418e+00,-1.489428654417501718e+00,4.583642109874031867e+00,-2.382740306410418007e+00,5.062999999999999723e+00,-2.128000000000000114e+00,5.492000102996826172e+00,3.898356854915618896e-01
4.596873148680315602e+00,-7.293229572256567650e-01,5.095237873909175264e+00,-2.279752736201736685e+00,5.104855480828411451e+00,-3.197467173816537667e+00,3.239477682854389418e+00,-1.489428654417501718e+00,5.142888219267022443e+00,-3.002217809194057008e+00,3.331155792875509558e+00,-1.412429493174631068e+00,5.163333043001246736e+00,-2.630398915700558060e+00,5.017999999999999794e+00,-2.250000000000000000e+00,5.500000000000000000e+00,4.207130968570709229e-01
6.891616090649722359e+00,-6.091102289585990093e+00,4.920893482160050070e+00,-2.201746151628571013e+00,5.476003798554573088e+00,-3.143460758511519959e+00,3.331155792875509558e+00,-1.412429493174631068e+00,5.691904485809446079e+00,-3.457420879643274603e+00,3.499763290865744558e+00,-1.594947103198047778e+00,5.739848240880283115e+00,-2.887349771316739311e+00,4.863000000000000433e+00,-2.188000000000000167e+00,5.331999778747558594e+00,4.207130968570709229e-01
8.173624262212285885e+00,-1.203262137616583960e+00,5.047852589956027813e+00,-2.265672779914908119e+00,6.041880814896020802e+00,-3.616915589963079380e+00,3.499763290865744558e+00,-1.594947103198047778e+00,6.326874609561905061e+00,-3.420268634539540997e+00,3.700199683453185173e+00,-1.514328404530820960e+00,6.300833805884440864e+00,-3.139481948741242423e+00,5.022000000000000242e+00,-2.253000000000000114e+00,5.504000186920166016e+00,4.218879640102386475e-01
6.536930932922748738e+00,-4.139645324969754014e+00,5.162748578537494915e+00,-2.297787712886315337e+00,6.696894577907223756e+00,-3.571701474992623027e+00,3.700199683453185173e+00,-1.514328404530820960e+00,6.750264065467145080e+00,-3.660878307974936519e+00,3.782680918782811208e+00,-1.581075942499390985e+00,6.783101185561050350e+00,-3.354595946561272246e+00,5.091000000000000192e+00,-2.245999999999999996e+00,5.565000057220458984e+00,4.187470972537994385e-01
8.148376092054006037e+00,-2.876410947769563631e+00,4.897208112181729689e+00,-2.158994960067698532e+00,7.128532157345426334e+00,-3.818985902224875773e+00,3.782680918782811208e+00,-1.581075942499390985e+00,7.282538299122283121e+00,-3.756275500836313785e+00,3.901062206137146493e+00,-1.565562639660284194e+00,7.366391285880959039e+00,-3.611842202255759915e+00,5.044999999999999929e+00,-2.224000000000000199e+00,5.513999938964843750e+00,4.152291715145111084e-01
8.148376092054006037e+00,-2.876410947769563631e+00,5.171715019436601501e+00,-2.280014736170905110e+00,7.672644519735998259e+00,-3.912831764802342072e+00,3.901062206137146493e+00,-1.565562639660284194e+00,7.779900684022448942e+00,-3.847275332605134324e+00,4.002201684974309615e+00,-1.552344733197876581e+00,7.366391285880959039e+00,-3.611842202255759915e+00,5.049000000000000377e+00,-2.217000000000000082e+00,5.513999938964843750e+00,4.152291715145111084e-01
5.874571665462664960e+00,-9.955244536688534485e-01,4.902838036105351627e+00,-2.093260281355105334e+00,8.180120852519879193e+00,-4.002509805924922226e+00,4.002201684974309615e+00,-1.552344733197876581e+00,7.993434572231875812e+00,-3.743302516758099774e+00,3.944870734851099847e+00,-1.437885960521497086e+00,7.935330495198777534e+00,-3.860684440890677749e+00,4.931000000000000050e+00,-2.108000000000000096e+00,5.362999916076660156e+00,4.035200476646423340e-01
7.515459164939776393e+00,-6.884283112874724608e+00,5.715839428413461043e+00,-2.440370161525006854e+00,8.387921645716986063e+00,-3.887091112810249438e+00,3.944870734851099847e+00,-1.437885960521497086e+00,8.384599580819758202e+00,-4.214278230037508344e+00,4.010488438512388676e+00,-1.627632929634703185e+00,8.498618230031526721e+00,-4.102649735163629074e+00,5.288999999999999702e+00,-2.238999999999999879e+00,5.743000030517578125e+00,4.035200476646423340e-01
7.515459164939776393e+00,-6.884283112874724608e+00,5.353811613493237864e+00,-2.217820346978483403e+00,8.785648424670997159e+00,-4.377041523000978707e+00,4.010488438512388676e+00,-1.627632929634703185e+00,8.722587015635065555e+00,-4.639541686565048728e+00,4.030529650743758019e+00,-1.773748779151759436e+00,8.498618230031526721e+00,-4.102649735163629074e+00,5.307000000000000384e+00,-2.194999999999999840e+00,5.743000030517578125e+00,3.927308022975921631e-01
7.229311093335647698e+00,-2.402451561174751671e+00,5.167836289306518616e+00,-2.029328114235698255e+00,9.125639980709442156e+00,-4.816916564480224316e+00,4.030529650743758019e+00,-1.773748779151759436e+00,8.990596221372221919e+00,-4.600761282758985438e+00,4.007484765933324589e+00,-1.673559964003907385e+00,9.696484669678820723e+00,-4.589692401320024651e+00,5.195999999999999730e+00,-1.981000000000000094e+00,5.559999942779541016e+00,3.741838634014129639e-01
1.103337232703512605e+01,-4.010891365349174009e+00,5.527666742700734659e+00,-2.085512956442928889e+00,9.391344697965553934e+00,-4.768117279159375776e+00,4.007484765933324589e+00,-1.673559964003907385e+00,9.626001845861717143e+00,-4.715003573594514386e+00,4.179856847569394240e+00,-1.658325026633081789e+00,1.029564391009132684e+01,-4.816370295101920718e+00,5.243000000000000327e+00,-1.969999999999999973e+00,5.600999832153320312e+00,3.607735931873321533e-01
1.103337232703512605e+01,-4.010891365349174009e+00,4.957540843077691051e+00,-1.781744683039918398e+00,1.004398753061865612e+01,-4.880836076257822675e+00,4.179856847569394240e+00,-1.658325026633081789e+00,1.017886186229762124e+01,-4.804344447677735275e+00,4.275255256948189420e+00,-1.623834244190249798e+00,1.029564391009132684e+01,-4.816370295101920718e+00,5.022000000000000242e+00,-1.790000000000000036e+00,5.331999778747558594e+00,3.450251221656799316e-01
6.026857003276075098e+00,-6.325717972197154815e+00,5.297769094943762802e+00,-1.860608783789805765e+00,1.060638738799243974e+01,-4.966727872096759810e+00,4.275255256948189420e+00,-1.623834244190249798e+00,1.019912804814179985e+01,-5.105146608830210653e+00,4.114709819768319399e+00,-1.698480017691123001e+00,1.088586912991851641e+01,-5.029959725457182174e+00,5.145999999999999908e+00,-1.808000000000000052e+00,5.453999996185302734e+00,3.377488851547241211e-01
1.120122925929850766e+01,-6.442529605943041027e+00,5.268349888214426180e+00,-1.868847548967996319e+00,1.061059903011863170e+01,-5.274994610599322620e+00,4.114709819768319399e+00,-1.698480017691123001e+00,1.072344509423759185e+01,-5.392432682038372782e+00,4.213488303730348328e+00,-1.760950676672797144e+00,1.146971045382255383e+01,-5.235328958918125331e+00,5.241999999999999993e+00,-1.854999999999999982e+00,5.559999942779541016e+00,3.408833742141723633e-01
1.081315122516168259e+01,-5.781453328144680270e+00,5.099649245304311407e+00,-1.809004184403850690e+00,1.114479392461062623e+01,-5.568527749705652674e+00,4.213488303730348328e+00,-1.760950676672797144e+00,1.115339464722407214e+01,-5.590688002000789858e+00,4.251171753470612380e+00,-1.773155588017432116e+00,1.206963644880258002e+01,-5.449079083913846766e+00,5.019999999999999574e+00,-1.832000000000000073e+00,5.343999862670898438e+00,3.408833742141723633e-01
1.228492568370074167e+01,-7.091088579756519295e+00,5.269066609878361618e+00,-1.940401888867865132e+00,1.157851182257113365e+01,-5.768003560802533514e+00,4.251171753470612380e+00,-1.773155588017432116e+00,1.169647388857899095e+01,-5.899911082386717354e+00,4.347289385664403483e+00,-1.842607686372035536e+00,1.264453802980167829e+01,-5.661720322461772703e+00,5.200999999999999623e+00,-2.003000000000000114e+00,5.572999954223632812e+00,3.528511524200439453e-01
1.502223561679696040e+01,-5.211818921001177607e+00,5.216548457924925053e+00,-2.025546929478504676e+00,1.213120282714543130e+01,-6.084171851023921107e+00,4.347289385664403483e+00,-1.842607686372035536e+00,1.245935557889556478e+01,-6.010079111764185633e+00,4.540532891227145207e+00,-1.810978869003981417e+00,1.314286528514974783e+01,-5.854413079071036918e+00,5.214999999999999858e+00,-2.032999999999999918e+00,5.598000049591064453e+00,3.703731894493103027e-01
1.502223561679696040e+01,-5.211818921001177607e+00,5.156783361396153786e+00,-2.024644398643705934e+00,1.291340886801827992e+01,-6.191176998664583486e+00,4.540532891227145207e+00,-1.810978869003981417e+00,1.315193482583294760e+01,-6.108360266459495591e+00,4.680397487614900598e+00,-1.775879685254875939e+00,1.314286528514974783e+01,-5.854413079071036918e+00,5.209999999999999964e+00,-2.047000000000000153e+00,5.484000205993652344e+00,3.741261661052703857e-01
1.383072260028215794e+01,-5.767696665030665137e+00,4.968680216560462881e+00,-1.959208707943388639e+00,1.361997457459443694e+01,-6.285948234984982896e+00,4.680397487614900598e+00,-1.775879685254875939e+00,1.365443887659583133e+01,-6.245204265615810435e+00,4.708128582409401020e+00,-1.760695320776840544e+00,1.373952780632612303e+01,-6.089136647153239323e+00,5.070999999999999730e+00,-1.973000000000000087e+00,5.440999984741210938e+00,3.755930662155151367e-01
1.452710972691857805e+01,-6.294247226970183462e+00,5.299085553641210922e+00,-2.025492457101110588e+00,1.412525173483677143e+01,-6.421273797693494600e+00,4.708128582409401020e+00,-1.760695320776840544e+00,1.419290027542755972e+01,-6.420921234539335387e+00,4.763506093016015797e+00,-1.767562771053080795e+00,1.432324896703620176e+01,-6.318627403680959986e+00,5.030999999999999694e+00,-1.921000000000000041e+00,5.386000156402587891e+00,3.650979697704315186e-01
1.479468408237804233e+01,-6.684737192205049361e+00,5.330463368853188832e+00,-2.047012630384272391e+00,1.466925088472916094e+01,-6.597677511644643111e+00,4.763506093016015797e+00,-1.767562771053080795e+00,1.470829414295876170e+01,-6.618112604382720754e+00,4.803994893357915963e+00,-1.785050454111781315e+00,1.490261946603060217e+01,-6.540038155419161114e+00,5.182999999999999829e+00,-1.991000000000000103e+00,5.552000045776367188e+00,3.666563928127288818e-01
1.381973837324229670e+01,-6.331854389919853610e+00,4.907595096699674642e+00,-1.993418831910912070e+00,1.518869363229455338e+01,-6.796617649793899041e+00,4.803994893357915963e+00,-1.785050454111781315e+00,1.505746706544125679e+01,-6.762002434862197653e+00,4.743770953647346467e+00,-1.773553876127459183e+00,1.539564429183623240e+01,-6.729939506808877425e+00,4.974999999999999645e+00,-2.051000000000000156e+00,5.381999969482421875e+00,3.858316540718078613e-01
1.397313426438358697e+01,-7.646665143297020961e+00,4.827460149271080248e+00,-2.146093526989785616e+00,1.553184416080599206e+01,-6.939357822474943482e+00,4.743770953647346467e+00,-1.773553876127459183e+00,1.538082189857282245e+01,-7.022234379803323101e+00,4.673121462210898969e+00,-1.824241224696925956e+00,1.597022543791420723e+01,-6.965341615134032160e+00,4.942999999999999616e+00,-2.129000000000000004e+00,5.381999969482421875e+00,4.183204472064971924e-01
1.591220645612775719e+01,-7.204028632372723173e+00,4.917923606582498053e+00,-2.186309921151934788e+00,1.584813404479391252e+01,-7.204658502273015408e+00,4.673121462210898969e+00,-1.824241224696925956e+00,1.586597612494611376e+01,-7.220449511742354609e+00,4.691083773355000375e+00,-1.841635835463248938e+00,1.653637991850157007e+01,-7.220036076377763123e+00,4.967999999999999972e+00,-2.391000000000000014e+00,5.513999938964843750e+00,4.183204472064971924e-01
1.593307708172921799e+01,-7.290442364854849089e+00,5.177737897158916525e+00,-2.589121794320121683e+00,1.633508450228161379e+01,-7.404613095288679503e+00,4.691083773355000375e+00,-1.841635835463248938e+00,1.631792990101075347e+01,-7.426587180871579541e+00,4.701073336958066839e+00,-1.872316785452891041e+00,1.710436735999262581e+01,-7.506936119658821127e+00,4.919999999999999929e+00,-2.650999999999999801e+00,5.589000225067138672e+00,4.636866748332977295e-01
1.593307708172921799e+01,-7.290442364854849089e+00,4.791620179230256404e+00,-2.671436453983350390e+00,1.678803723470656095e+01,-7.613818859416868534e+00,4.701073336958066839e+00,-1.872316785452891041e+00,1.670729321907187170e+01,-7.618362108273882605e+00,4.665030831691628244e+00,-1.895792725133688794e+00,1.710436735999262581e+01,-7.506936119658821127e+00,4.753000000000000114e+00,-2.697999999999999954e+00,5.466000080108642578e+00,5.086003541946411133e-01
1.676458023421055188e+01,-7.858674013716038687e+00,4.573585840743903397e+00,-2.758368070629336533e+00,1.717379630224103337e+01,-7.807941380787251084e+00,4.665030831691628244e+00,-1.895792725133688794e+00,1.712883274809403034e+01,-7.850464190529335973e+00,4.639603999801379608e+00,-1.939642388561479525e+00,1.765783034264990548e+01,-7.818128631914946780e+00,4.562999999999999723e+00,-2.829000000000000181e+00,5.368999958038330078e+00,5.427019596099853516e-01
1.885515509486137020e+01,-4.604136990241946670e+00,4.557068758487496929e+00,-2.991074666292321549e+00,1.759279314807416839e+01,-8.044428429385483525e+00,4.639603999801379608e+00,-1.939642388561479525e+00,1.771441028831735665e+01,-7.766697270435839684e+00,4.695923981830385507e+00,-1.830937660959731872e+00,1.809907065271714188e+01,-8.087920235708988770e+00,4.487000000000000099e+00,-3.040000000000000036e+00,5.420000076293945312e+00,5.808327794075012207e-01
2.190423570523884322e+01,-1.243934826783910452e+01,4.471124941429105881e+00,-3.177147812548797745e+00,1.818400268650039564e+01,-7.949791036531812516e+00,4.695923981830385507e+00,-1.830937660959731872e+00,1.854327722526327804e+01,-8.431175084892030824e+00,4.863019115730041086e+00,-2.103571032535803464e+00,1.861598120607997231e+01,-8.430332231020170042e+00,4.530000000000000249e+00,-3.225999999999999979e+00,5.560999870300292969e+00,6.177996993064880371e-01
1.865789978139685346e+01,-9.667552517619299124e+00,4.798356388853972199e+00,-2.611540351327800380e+00,1.902957913683628277e+01,-8.641532188145610860e+00,4.863019115730041086e+00,-2.103571032535803464e+00,1.898960218649805043e+01,-8.760308893302884314e+00,4.841040587357589686e+00,-2.175513070411664085e+00,1.913929663536519499e+01,-8.792046593711143387e+00,4.844000000000000306e+00,-2.822000000000000064e+00,5.605999946594238281e+00,4.984235167503356934e-01
2.121701477448254280e+01,-1.290871481728861170e+01,4.945038972172071112e+00,-2.691373413761853683e+00,1.947370624523381011e+01,-8.977860200344050412e+00,4.841040587357589686e+00,-2.175513070411664085e+00,1.965187296939346240e+01,-9.370329048875223776e+00,4.932039209292520709e+00,-2.382325546591763654e+00,1.971039305591311930e+01,-9.089623498072878505e+00,5.314000000000000057e+00,-1.844999999999999973e+00,5.625000000000000000e+00,4.984235167503356934e-01
1.907402990732996528e+01,-6.952050970618231851e+00,5.288302378611601462e+00,-1.644172477392601861e+00,2.014507689032271287e+01,-9.608561603534401030e+00,4.932039209292520709e+00,-2.382325546591763654e+00,2.005530492098934658e+01,-9.326285496916835172e+00,4.901617025532886807e+00,-2.223821381429639921e+00,2.022320280930818015e+01,-9.249637650782084108e+00,5.407000000000000028e+00,-1.314000000000000057e+00,5.565000057220458984e+00,3.014333248138427734e-01
1.907402990732996528e+01,-6.952050970618231851e+00,5.570751084639581130e+00,-8.351168736318901331e-01,2.054546662354263376e+01,-9.548667635059798542e+00,4.901617025532886807e+00,-2.223821381429639921e+00,2.043055568815976386e+01,-9.243565849743159646e+00,4.870721370320771015e+00,-2.036794849829117737e+00,2.022320280930818015e+01,-9.249637650782084108e+00,5.503000000000000114e+00,-8.259999999999999565e-01,5.565000057220458984e+00,1.488029062747955322e-01
2.246147344965748616e+01,-9.516310767658694658e+00,5.558500705875498937e+00,1.291095135537214111e-01,2.091762782519183972e+01,-9.447245334726071420e+00,4.870721370320771015e+00,-2.036794849829117737e+00,2.110332375612602362e+01,-9.358982381316915067e+00,4.987439756745487784e+00,-1.935797395674927479e+00,2.085631285584127426e+01,-9.335698173903013597e+00,5.573000000000000398e+00,1.310000000000000053e-01,5.573999881744384766e+00,-2.322322316467761993e-02
2.151927569676861296e+01,-7.105685519444252307e+00,5.451872553174981206e+00,1.033675139078418237e+00,2.160206773180057382e+01,-9.552562120884408259e+00,4.987439756745487784e+00,-1.935797395674927479e+00,2.161560186354389757e+01,-9.192393078364149872e+00,5.011588389334262317e+00,-1.679658653579120919e+00,2.149019251770754835e+01,-9.312060402756131339e+00,5.443999999999999950e+00,1.030999999999999917e+00,5.540999889373779297e+00,-1.873758733272552490e-01
2.614726458471508508e+01,-9.611372547065323957e+00,5.405393376424413532e+00,1.818222271696987802e+00,2.211676070247732540e+01,-9.360358943722062008e+00,5.011588389334262317e+00,-1.679658653579120919e+00,2.253586581052552162e+01,-9.230944104858430421e+00,5.231277767484976415e+00,-1.523008066180933540e+00,2.211145220630335473e+01,-9.187027024461757563e+00,5.368000000000000327e+00,1.808999999999999941e+00,5.664999961853027344e+00,-3.244827389717102051e-01
2.113863001773838235e+01,-9.425590323830785877e+00,5.093132755322122840e+00,2.279560897459083080e+00,2.305899358727402060e+01,-9.383244911476523953e+00,5.231277767484976415e+00,-1.523008066180933540e+00,2.286162686438301961e+01,-9.220865179786644106e+00,5.129606779096580027e+00,-1.342038810042334829e+00,2.272410117078893066e+01,-8.974003361345136653e+00,4.990999999999999659e+00,2.330999999999999961e+00,5.508999824523925781e+00,-4.208357930183410645e-01
1.987407027159552442e+01,-9.214823113317748948e+00,5.007398546509953086e+00,2.760703362331254240e+00,2.337458754229267655e+01,-9.355069060790878410e+00,5.129606779096580027e+00,-1.342038810042334829e+00,2.302089306051849249e+01,-9.162375707240459022e+00,4.952138268740018390e+00,-1.138175295441427037e+00,2.320195876021589854e+01,-8.751345680430237195e+00,4.937000000000000277e+00,2.569999999999999840e+00,5.565999984741210938e+00,-5.038598179817199707e-01
2.096300397749491751e+01,-1.249720768773699575e+01,4.531003725740064603e+00,2.498055048784635801e+00,2.351610688739249611e+01,-9.276193236784601837e+00,4.952138268740018390e+00,-1.138175295441427037e+00,2.324258168473627606e+01,-9.420203667158656202e+00,4.802563622971924850e+00,-1.112375115698631456e+00,2.375723563069197297e+01,-8.442068146931262618e+00,4.599999999999999645e+00,2.770000000000000018e+00,5.369999885559082031e+00,-5.038598179817199707e-01
2.096300397749491751e+01,-1.249720768773699575e+01,4.663340427844988589e+00,2.893337023729512403e+00,2.372283804703346988e+01,-9.531441178728519148e+00,4.802563622971924850e+00,-1.112375115698631456e+00,2.344197358865870839e+01,-9.635268342046956036e+00,4.660045579787916559e+00,-1.056982528495615137e+00,2.375723563069197297e+01,-8.442068146931262618e+00,4.546999999999999709e+00,2.857000000000000206e+00,5.369999885559082031e+00,-5.553156733512878418e-01
2.560480938843701182e+01,-1.123937659179829573e+01,4.632914858152929583e+00,3.043181126701207884e+00,2.390797814663750032e+01,-9.740966594896518060e+00,4.660045579787916559e+00,-1.056982528495615137e+00,2.407537962777623264e+01,-9.702584275757484278e+00,4.740832346605414749e+00,-9.291096080746250596e-01,2.428345213807293845e+01,-8.114087151983119028e+00,4.562000000000000277e+00,3.013999999999999790e+00,5.467999935150146484e+00,-5.811833143234252930e-01
2.362220822236469786e+01,-8.302623199356627737e+00,4.468213991830562115e+00,3.009125060112933348e+00,2.454946286243677278e+01,-9.795495236564946140e+00,4.740832346605414749e+00,-9.291096080746250596e-01,2.444451419567490547e+01,-9.482719525869393706e+00,4.679250143116873595e+00,-6.705345289592307134e-01,2.480994044184068059e+01,-7.767585801449129690e+00,4.562999999999999723e+00,3.084000000000000075e+00,5.506999969482421875e+00,-5.926850438117980957e-01
2.426278744581863478e+01,-8.796752857343497212e+00,4.491206919220528171e+00,3.101423287383550331e+00,2.491243920998659434e+01,-9.549772978765316722e+00,4.679250143116873595e+00,-6.705345289592307134e-01,2.483904886076272689e+01,-9.313891705858432957e+00,4.636283944314085304e+00,-4.542123621162103553e-01,2.524774275720956496e+01,-7.472498940654426214e+00,4.432999999999999829e+00,3.092000000000000082e+00,5.405000209808349609e+00,-6.043585538864135742e-01
2.449334965585017443e+01,-7.611917154961943766e+00,4.441031808648384427e+00,3.122703379710233929e+00,2.530267725519413702e+01,-9.359312942070053154e+00,4.636283944314085304e+00,-4.542123621162103553e-01,2.521307657290827109e+01,-9.038394688831532520e+00,4.585123392068334525e+00,-2.012347519465670920e-01,2.576298533362679777e+01,-7.116172360684825726e+00,4.509999999999999787e+00,3.165999999999999925e+00,5.511000156402587891e+00,-6.128357052803039551e-01
2.373613773227617685e+01,-4.473399447822900221e+00,4.429972078557339543e+00,3.145288116622050545e+00,2.567158891211510507e+01,-9.058518164026189368e+00,4.585123392068334525e+00,-2.012347519465670920e-01,2.547192553018922823e+01,-8.480651619431373689e+00,4.481687874167043617e+00,1.720420639108201644e-01,2.627897940535531873e+01,-6.753131913294157407e+00,4.360000000000000320e+00,3.088999999999999968e+00,5.342999935150146484e+00,-6.174070835113525391e-01
2.515043328674197198e+01,-6.920259700519189927e+00,4.610171335510158563e+00,3.273229912070657832e+00,2.592009431760593330e+01,-8.463447413040292133e+00,4.481687874167043617e+00,1.720420639108201644e-01,2.584960737116718832e+01,-8.182558160415293713e+00,4.452090889693825382e+00,3.926795143417841638e-01,2.678092299406664978e+01,-6.395676182441741631e+00,4.464000000000000412e+00,3.226999999999999869e+00,5.507999897003173828e+00,-6.174070835113525391e-01
2.948853836960815400e+01,-1.815061615232168135e+00,4.830603274060777608e+00,3.501203930720063973e+00,2.629481646013656970e+01,-8.143290208981115441e+00,4.452090889693825382e+00,3.926795143417841638e-01,2.663002476109407013e+01,-7.411810605455128709e+00,4.630201709317971037e+00,8.352109263304549058e-01,2.729940997041432382e+01,-6.019733952879462002e+00,4.610000000000000320e+00,3.354000000000000092e+00,5.701000213623046875e+00,-6.271747350692749023e-01
2.670205782340363498e+01,-8.577315615711412988e+00,4.661284675885772444e+00,3.395690866125162799e+00,2.709304493202586883e+01,-7.328289512822083296e+00,4.630201709317971037e+00,8.352109263304549058e-01,2.705563560009648683e+01,-7.333801750542813025e+00,4.613092843924505360e+00,9.005608371713719196e-01,2.773694048781981536e+01,-5.701208638349219093e+00,4.503000000000000114e+00,3.274999999999999911e+00,5.567999839782714844e+00,-6.295908093452453613e-01
2.670205782340363498e+01,-8.577315615711412988e+00,4.599622798516008082e+00,3.351261096616649393e+00,2.751694488448893594e+01,-7.243745666825676111e+00,4.613092843924505360e+00,9.005608371713719196e-01,2.743531012675883218e+01,-7.262016264404820731e+00,4.572688409639305007e+00,9.567153094150349091e-01,2.773694048781981536e+01,-5.701208638349219093e+00,4.548000000000000043e+00,3.333000000000000185e+00,5.638999938964843750e+00,-6.296604275703430176e-01
2.924158094761912707e+01,-2.906129883056073560e+00,4.538930111263537626e+00,3.354526799402474779e+00,2.789257896772276268e+01,-7.166344733463317240e+00,4.572688409639305007e+00,9.567153094150349091e-01,2.802509402724970045e+01,-6.660557519869167997e+00,4.636175574347993766e+00,1.269310364901180987e+00,2.825729571284025354e+01,-5.321539925411683747e+00,4.493999999999999773e+00,3.323999999999999844e+00,5.590000152587890625e+00,-6.364605426788330078e-01
2.912064985920074633e+01,-1.606222675703391722e+00,4.103016088916579207e+00,3.112516659614251058e+00,2.848871158468449849e+01,-6.533626483379049610e+00,4.636175574347993766e+00,1.269310364901180987e+00,2.852654458099336665e+01,-5.989321039827608217e+00,4.634535855160707207e+00,1.586114826149594315e+00,2.877500735232342777e+01,-4.937683629090556359e+00,4.272000000000000242e+00,3.237999999999999989e+00,5.360000133514404297e+00,-6.489775776863098145e-01
3.082816861517416385e+01,-7.272097634372508779e+00,4.353827879305622872e+00,3.332787065223142609e+00,2.898999816650943728e+01,-5.830709557212649052e+00,4.634535855160707207e+00,1.586114826149594315e+00,2.915956642817514677e+01,-5.889926813874266642e+00,4.706807908711827970e+00,1.603408510492884353e+00,2.926869259719356009e+01,-4.563356446530785426e+00,4.331999999999999851e+00,3.314999999999999947e+00,5.454999923706054688e+00,-6.533376574516296387e-01
3.061955790195310456e+01,-5.986378239928351164e+00,4.433671514197381924e+00,3.412708536696226869e+00,2.963024721904632841e+01,-5.729585962824978118e+00,4.706807908711827970e+00,1.603408510492884353e+00,2.971578971904387956e+01,-5.674593537228683537e+00,4.738301429561793121e+00,1.678560344855933861e+00,2.968315707089805144e+01,-4.246103809691161857e+00,4.381999999999999673e+00,3.367999999999999883e+00,5.526999950408935547e+00,-6.560061573982238770e-01
3.203470264344829843e+01,-3.459891426111934454e+00,4.462199359909991614e+00,3.434667137437220408e+00,3.018961986200005754e+01,-5.506737502743090040e+00,4.738301429561793121e+00,1.678560344855933861e+00,3.036009108035991844e+01,-5.237301324698521832e+00,4.811188663564127665e+00,1.857808725552691165e+00,3.018553839617049661e+01,-3.860293911841999215e+00,4.328999999999999737e+00,3.310000000000000053e+00,5.449999809265136719e+00,-6.560061573982238770e-01
3.018299589995398691e+01,-5.190595912209851726e+00,4.165533793220641989e+00,3.174034829309759775e+00,3.084120994671633298e+01,-5.051520452143252626e+00,4.811188663564127665e+00,1.857808725552691165e+00,3.074552416332984350e+01,-5.007022801414739988e+00,4.740049513589854158e+00,1.914690148538391590e+00,3.068178091879939728e+01,-3.482322024419100437e+00,4.307000000000000384e+00,3.259999999999999787e+00,5.401999950408935547e+00,-6.511214971542358398e-01
3.018299589995398691e+01,-5.190595912209851726e+00,4.206906260751612336e+00,3.165780047214624027e+00,3.121952911468882874e+01,-4.815553786560901273e+00,4.740049513589854158e+00,1.914690148538391590e+00,3.109150910930465983e+01,-4.796110143135331683e+00,4.657356059292933281e+00,1.957513078032785625e+00,3.068178091879939728e+01,-3.482322024419100437e+00,4.352000000000000313e+00,3.269000000000000128e+00,5.442999839782714844e+00,-6.451117992401123047e-01
3.182507823380048606e+01,-3.942292617890929662e+00,4.478950294939049392e+00,3.359732876161960480e+00,3.155724471523395280e+01,-4.600358835332053253e+00,4.657356059292933281e+00,1.957513078032785625e+00,3.157550826405093503e+01,-4.477088438145365501e+00,4.659546057499750482e+00,2.055438127548376404e+00,3.117917262021656555e+01,-3.108080314813474576e+00,4.554000000000000270e+00,3.416999999999999815e+00,5.692999839782714844e+00,-6.435754299163818359e-01
3.193293262995767279e+01,-3.753051923315558813e+00,4.484742394064530124e+00,3.362009945359194063e+00,3.204146286980090963e+01,-4.271544625390528260e+00,4.659546057499750482e+00,2.055438127548376404e+00,3.202248292435662336e+01,-4.165592582782601916e+00,4.643670709639403427e+00,2.142299714956793721e+00,3.160783730400503799e+01,-2.786686705378854434e+00,4.480999999999999872e+00,3.361000000000000210e+00,5.602000236511230469e+00,-6.432803273200988770e-01
3.347587536245457329e+01,-2.392281507661399242e+00,4.437780700292985436e+00,3.354560135926944131e+00,3.248684999532056139e+01,-3.951362611286922455e+00,4.643670709639403427e+00,2.142299714956793721e+00,3.257551539113349293e+01,-3.751617942047436483e+00,4.679229279966144794e+00,2.272802158286421736e+00,3.212588368302593267e+01,-2.398079322979638217e+00,4.432000000000000384e+00,3.335999999999999854e+00,5.546999931335449219e+00,-6.472724080085754395e-01
3.331801424890062435e+01,-3.314264582298076078e+00,4.208469957773977477e+00,3.290249944309147079e+00,3.304343831913011087e+01,-3.524337726218794486e+00,4.679229279966144794e+00,2.272802158286421736e+00,3.304867200666880223e+01,-3.460056876220011901e+00,4.664013772422554105e+00,2.331475255688069570e+00,3.263454495334681837e+01,-2.012160944407834329e+00,4.317000000000000171e+00,3.366000000000000103e+00,5.473999977111816406e+00,-6.635544896125793457e-01
3.155089615292797589e+01,-6.558485494337673138e+00,4.273858160055937994e+00,3.341371499429025782e+00,3.351507338391105861e+01,-3.226909350651204988e+00,4.664013772422554105e+00,2.331475255688069570e+00,3.330154188079119137e+01,-3.496225888542299653e+00,4.544928247679350442e+00,2.225811117114299797e+00,3.313040743717158421e+01,-1.625146376363739709e+00,4.334999999999999964e+00,3.375000000000000000e+00,5.493999958038330078e+00,-6.635544896125793457e-01
3.507825635311164092e+01,-3.852318914611418066e+00,4.432455446555423784e+00,3.451849222836458786e+00,3.375603470555912367e+01,-3.273644776830869851e+00,4.544928247679350442e+00,2.225811117114299797e+00,3.388219900685372465e+01,-3.274458779742073222e+00,4.602339900445187482e+00,2.258000984008657230e+00,3.363286839405157025e+01,-1.234255225782469045e+00,4.448999999999999844e+00,3.455999999999999961e+00,5.632999897003173828e+00,-6.616591215133666992e-01
3.300438128412321248e+01,-2.281671809429365982e+00,4.163952921751805647e+00,3.262758903418950140e+00,3.434243299689824624e+01,-3.048658681341207544e+00,4.602339900445187482e+00,2.258000984008657230e+00,3.418888107048939418e+01,-2.932527768194538531e+00,4.510746162652069735e+00,2.341848025840786551e+00,3.405248652408303656e+01,-9.056535231667168784e-01,4.293999999999999595e+00,3.378000000000000114e+00,5.462999820709228516e+00,-6.646435856819152832e-01
3.300438128412321248e+01,-2.281671809429365982e+00,4.339978628735558175e+00,3.378547839252632023e+00,3.463995568675460390e+01,-2.698342965610459832e+00,4.510746162652069735e+00,2.341848025840786551e+00,3.446936964623076705e+01,-2.613779093974490486e+00,4.420931482211470254e+00,2.411012535494254649e+00,3.405248652408303656e+01,-9.056535231667168784e-01,4.405000000000000249e+00,3.358000000000000096e+00,5.539000034332275391e+00,-6.614750027656555176e-01
3.603683017156056678e+01,-3.444701420429420402e+00,4.493628828039174294e+00,3.353467987642166026e+00,3.491146279445191425e+01,-2.372677840425065021e+00,4.420931482211470254e+00,2.411012535494254649e+00,3.502673619990190446e+01,-2.432322393810797401e+00,4.480011626529857516e+00,2.406718454612098768e+00,3.455202136939408319e+01,-5.187127456170385065e-01,4.437999999999999723e+00,3.314000000000000057e+00,5.539000034332275391e+00,-6.411107182502746582e-01
3.632911215672898209e+01,2.255401803341680722e+00,4.485324542508195123e+00,3.285645007008844320e+00,3.547473736255489030e+01,-2.191650548349587613e+00,4.480011626529857516e+00,2.406718454612098768e+00,3.555991512859473147e+01,-1.734732831224474969e+00,4.521839607328048238e+00,2.654894529729858732e+00,3.505510364452914018e+01,-1.438234320295092017e-01,4.458000000000000185e+00,3.266000000000000014e+00,5.526000022888183594e+00,-6.322277188301086426e-01
3.573322075576361811e+01,1.314372135763086202e+00,4.204090499171727835e+00,3.122785928447320725e+00,3.601209908932753478e+01,-1.469243378251489096e+00,4.521839607328048238e+00,2.654894529729858732e+00,3.596948713823094579e+01,-1.186836733659540233e+00,4.489018184036270398e+00,2.806281621282950223e+00,3.556479512157601874e+01,2.300290593749904910e-01,4.410000000000000142e+00,3.277000000000000135e+00,5.494999885559082031e+00,-6.388752460479736328e-01
3.731616638563303923e+01,3.314060641334604984e+00,4.338473944372098323e+00,3.362553065308682587e+00,3.641838895663457265e+01,-9.062085715312451217e-01,4.489018184036270398e+00,2.806281621282950223e+00,3.650057746502690748e+01,-4.847470916514030614e-01,4.523500972941508991e+00,3.028435756358183184e+00,3.598673854720663456e+01,5.439803130659409680e-01,4.458000000000000185e+00,3.388999999999999790e+00,5.599999904632568359e+00,-6.593440175056457520e-01
3.157152812177548640e+01,6.438183499293315570e+00,4.641985576646848521e+00,3.597791073545702822e+00,3.695292756232105802e+01,-1.819035160155847430e-01,4.523500972941508991e+00,3.028435756358183184e+00,3.642354398587028896e+01,4.659517586046926230e-01,4.269258203217796144e+00,3.362327923073373803e+00,3.649431388065850257e+01,9.399358759350452397e-01,4.302999999999999936e+00,3.490000000000000213e+00,5.539999961853027344e+00,-6.593440175056457520e-01
3.582087165860521338e+01,2.064834369289851423e+00,4.015154089100384738e+00,3.323173261714945870e+00,3.685046980619206636e+01,8.021845509120300033e-01,4.269258203217796144e+00,3.362327923073373803e+00,3.673621533429415109e+01,9.192861142123330831e-01,4.203827105568207045e+00,3.418903410694533740e+00,3.698115415127772110e+01,1.343881560601557501e+00,4.150000000000000355e+00,3.520000000000000018e+00,5.441999912261962891e+00,-6.913793683052062988e-01
3.582087165860521338e+01,2.064834369289851423e+00,4.231233375173421685e+00,3.596174749404753346e+00,3.715659804485097339e+01,1.261176455281786346e+00,4.203827105568207045e+00,3.418903410694533740e+00,3.702510497605804574e+01,1.344555750184297294e+00,4.140599577371532725e+00,3.464639880165102603e+00,3.698115415127772110e+01,1.343881560601557501e+00,4.216000000000000192e+00,3.576000000000000068e+00,5.527999877929687500e+00,-7.044427990913391113e-01
3.532930438226051706e+01,4.794081164808425832e+00,4.336782742143915570e+00,3.643241940409491342e+00,3.743916493379519750e+01,1.691019738200807643e+00,4.140599577371532725e+00,3.464639880165102603e+00,3.723862847456015857e+01,1.990829707336727594e+00,4.050001801261910117e+00,3.616899907786746748e+00,3.746164171375878738e+01,1.751239253339181623e+00,4.166000000000000369e+00,3.479999999999999982e+00,5.427999973297119141e+00,-6.987063884735107422e-01
4.113025204806345414e+01,4.961097960901880710e-01,4.201122974883050532e+00,3.411790100600142761e+00,3.764362865468635277e+01,2.352519698115402402e+00,4.050001801261910117e+00,3.616899907786746748e+00,3.799729684796015761e+01,2.168859162287700038e+00,4.228549184746041689e+00,3.521083079703749341e+00,3.794284193167128194e+01,2.153386545745191505e+00,4.318999999999999950e+00,3.487000000000000099e+00,5.551000118255615234e+00,-6.820839047431945801e-01
3.973619411823613490e+01,3.563513112502935343e+00,4.314828483385150903e+00,3.517633179012970679e+00,3.842015176643476337e+01,2.520967470258074883e+00,4.228549184746041689e+00,3.521083079703749341e+00,3.855501561283384149e+01,2.618919441324017328e+00,4.297716191898198979e+00,3.569185687951119235e+00,3.835376010834874450e+01,2.486690474634595915e+00,4.402000000000000135e+00,3.579000000000000181e+00,5.672999858856201172e+00,-6.839665174484252930e-01
3.976975499072465681e+01,2.620499326399430728e+00,4.200561213712794562e+00,3.451992510327590580e+00,3.898478723202366325e+01,2.975838010119129073e+00,4.297716191898198979e+00,3.569185687951119235e+00,3.905826383273994651e+01,2.937273684275850005e+00,4.329957051024655890e+00,3.547096061380686116e+00,3.885746787424717041e+01,2.897657824856160413e+00,4.214000000000000412e+00,3.462000000000000188e+00,5.453999996185302734e+00,-6.878889203071594238e-01
3.656420718096978817e+01,3.886110855112019369e+00,4.128710572735013073e+00,3.392946144402045228e+00,3.949125953784241005e+01,3.291983290413918795e+00,4.329957051024655890e+00,3.547096061380686116e+00,3.919086634630902211e+01,3.341146305575948272e+00,4.175553344139032674e+00,3.567187648097827957e+00,3.934331093666628476e+01,3.297253562206080790e+00,4.320000000000000284e+00,3.559000000000000163e+00,5.597000122070312500e+00,-6.878889203071594238e-01
4.081864307774860379e+01,5.974037362048585820e+00,4.168506735019500198e+00,3.435863074151123797e+00,3.960842168072292679e+01,3.697865070385731201e+00,4.175553344139032674e+00,3.567187648097827957e+00,3.972839305624633255e+01,3.906306062976860005e+00,4.233918751257862212e+00,3.666253900194317961e+00,3.983600650718513947e+01,3.702884628028142000e+00,4.219999999999999751e+00,3.474000000000000199e+00,5.466000080108642578e+00,-6.893495321273803711e-01
4.152543066416793494e+01,2.258954359374528487e+00,4.004903461281051236e+00,3.275823874271602154e+00,4.015178493137212001e+01,4.272931452996291846e+00,4.233918751257862212e+00,3.666253900194317961e+00,4.027759968332228624e+01,4.066336224338926719e+00,4.286759574231501446e+00,3.554226590489483861e+00,4.024100981634207130e+01,4.034151030089534906e+00,4.240999999999999659e+00,3.455000000000000071e+00,5.469999790191650391e+00,-6.855925917625427246e-01
4.152543066416793494e+01,2.258954359374528487e+00,4.438929690796093119e+00,3.607533894499319604e+00,4.070627564074543869e+01,4.421758883387875372e+00,4.286759574231501446e+00,3.554226590489483861e+00,4.079483432867267112e+01,4.220572490424680190e+00,4.335784369414380279e+00,3.456655900705814854e+00,4.024100981634207130e+01,4.034151030089534906e+00,4.235999999999999766e+00,3.430000000000000160e+00,5.451000213623046875e+00,-6.824391484260559082e-01
3.812120018837086377e+01,7.198273135561408687e+00,4.300712548942358104e+00,3.450806702536962423e+00,4.122841276561410950e+01,4.566238080495261364e+00,4.335784369414380279e+00,3.456655900705814854e+00,4.091789798919125332e+01,4.813655058937221121e+00,4.182707960599307384e+00,3.578234480859107780e+00,4.072776065748756480e+01,4.429390861136702995e+00,4.391000000000000014e+00,3.528000000000000025e+00,5.631999969482421875e+00,-6.761906147003173828e-01
4.064072309444712516e+01,7.085477305938579384e+00,4.286171595199887996e+00,3.361330443054184158e+00,4.133616878525118210e+01,5.171478507023131499e+00,4.182707960599307384e+00,3.578234480859107780e+00,4.127188672330338193e+01,5.342095115150112150e+00,4.155198762738251617e+00,3.656415523823919322e+00,4.122747622372689591e+01,4.829856349072885635e+00,4.419999999999999929e+00,3.466000000000000192e+00,5.617000102996826172e+00,-6.650488376617431641e-01
4.374623285216130597e+01,2.716428471503833375e+00,4.334315638608979171e+00,3.330295005049451085e+00,4.168740659957720851e+01,5.707736667532504526e+00,4.155198762738251617e+00,3.656415523823919322e+00,4.190045708798770363e+01,5.411988709238801043e+00,4.266081552826566536e+00,3.502232768473815039e+00,4.173630629419947269e+01,5.228039695416720534e+00,4.318999999999999950e+00,3.318000000000000060e+00,5.446000099182128906e+00,-6.551454663276672363e-01
3.840164266506955215e+01,4.863402439015061418e+00,4.375847462592830972e+00,3.346795191033435479e+00,4.232706524327036135e+01,5.762211986086182236e+00,4.266081552826566536e+00,3.502232768473815039e+00,4.194200391297691510e+01,5.670834202589457362e+00,4.082041623480372472e+00,3.453141265186969289e+00,4.223310051812647004e+01,5.609726382461120764e+00,4.371999999999999886e+00,3.350000000000000089e+00,5.506999969482421875e+00,-6.529272198677062988e-01
4.421685813354137906e+01,7.296689583487417252e+00,4.244786528230779510e+00,3.246555384092048691e+00,4.235020807532495013e+01,6.016148329108154336e+00,4.082041623480372472e+00,3.453141265186969289e+00,4.254338815057165846e+01,6.127608388962150876e+00,4.182595389394748508e+00,3.502490388461789284e+00,4.264889584461053573e+01,5.927608443522265347e+00,4.227999999999999758e+00,3.224000000000000199e+00,5.316999912261962891e+00,-6.529272198677062988e-01
4.846817265434938093e+01,7.913158250912665892e+00,4.507247989304640434e+00,3.430103781494853177e+00,4.296164768951113189e+01,6.477857427808329405e+00,4.182595389394748508e+00,3.502490388461789284e+00,4.352423533654094712e+01,6.609751455056616543e+00,4.469795801152610437e+00,3.565460696081625525e+00,4.314449559127115918e+01,6.304775191038374693e+00,4.491999999999999993e+00,3.415000000000000036e+00,5.643000125885009766e+00,-6.505163908004760742e-01
4.846817265434938093e+01,7.913158250912665892e+00,4.410635948254785887e+00,3.362202637301212604e+00,4.397121491665620852e+01,6.966297524664779139e+00,4.469795801152610437e+00,3.565460696081625525e+00,4.441546094726850669e+01,7.046504043543483142e+00,4.684670607816295629e+00,3.599520916763125022e+00,4.314449559127115918e+01,6.304775191038374693e+00,4.399000000000000021e+00,3.361000000000000210e+00,5.535999774932861328e+00,-6.513231396675109863e-01
4.480479977969922345e+01,9.000019742370845677e+00,4.112190219647660072e+00,3.168023427788592361e+00,4.488392800805013394e+01,7.406456135219795733e+00,4.684670607816295629e+00,3.599520916763125022e+00,4.484923508212828125e+01,7.537531575154495123e+00,4.646102059822960761e+00,3.652542626425130834e+00,4.365521059887309718e+01,6.694604826847276868e+00,4.224000000000000199e+00,3.251999999999999780e+00,5.330999851226806641e+00,-6.564285755157470703e-01
4.345312587861970854e+01,9.036056113980693638e+00,4.415290618810911560e+00,3.331241701014037826e+00,4.531384528811057777e+01,7.902785837797008384e+00,4.646102059822960761e+00,3.652542626425130834e+00,4.511806505559378877e+01,7.995369032574154211e+00,4.541707749201617794e+00,3.689554617773383338e+00,4.414655648159614998e+01,7.072157813718444430e+00,4.240000000000000213e+00,3.230999999999999872e+00,5.547999858856201172e+00,-6.463611721992492676e-01
4.355307112644493372e+01,4.238652182256756440e+00,4.310024816944761028e+00,3.226629849826896379e+00,4.557223583051395366e+01,8.364324494351492945e+00,4.541707749201617794e+00,3.689554617773383338e+00,4.536066456557869486e+01,7.955848416172878856e+00,4.429563269199367603e+00,3.476270878421041211e+00,4.456692181460795865e+01,7.389854384027771950e+00,4.440000000000000391e+00,3.326999999999999957e+00,5.547999858856201172e+00,-6.426261067390441895e-01
4.540936063206057582e+01,1.381460900456065310e+01,4.295499109926902648e+00,3.190906861743546319e+00,4.580362089249862834e+01,8.303475504014983244e+00,4.429563269199367603e+00,3.476270878421041211e+00,4.575814717388774255e+01,8.809585166702721182e+00,4.402278195582824516e+00,3.717701367723738493e+00,4.507764445223216399e+01,7.771715117464902178e+00,4.397000000000000242e+00,3.259999999999999787e+00,5.473999977111816406e+00,-6.389086842536926270e-01
4.482345245739058015e+01,6.877174211903171575e+00,4.292288354621270230e+00,3.188521755642035327e+00,4.619837499344602350e+01,9.181355303475095653e+00,4.402278195582824516e+00,3.717701367723738493e+00,4.605654707664343306e+01,8.941381794594846610e+00,4.328812584593907609e+00,3.585563058812294202e+00,4.558067809040948504e+01,8.146147681556900721e+00,4.301999999999999602e+00,3.258000000000000007e+00,5.395999908447265625e+00,-6.389086842536926270e-01
4.797595964352069586e+01,6.114664745876742025e+00,4.340301770168356832e+00,3.302710478116832160e+00,4.648942833510282213e+01,9.299938100476076386e+00,4.328812584593907609e+00,3.585563058812294202e+00,4.663773480308591246e+01,8.987831102222600066e+00,4.401725500085590603e+00,3.424481473509140894e+00,4.607659922505425243e+01,8.525083494839844178e+00,4.368999999999999773e+00,3.367999999999999883e+00,5.517000198364257812e+00,-6.504662036895751953e-01
4.751455996876856602e+01,1.049211425878597836e+01,4.270805617059384218e+00,3.324148811641463475e+00,4.707790735309447427e+01,9.330279249573514733e+00,4.401725500085590603e+00,3.424481473509140894e+00,4.711517755223017900e+01,9.435217678537709318e+00,4.414997080662149465e+00,3.473446233668196825e+00,4.607659922505425243e+01,8.525083494839844178e+00,4.341000000000000192e+00,3.370000000000000107e+00,5.494999885559082031e+00,-6.613948345184326172e-01
4.751455996876856602e+01,1.049211425878597836e+01,4.416503765053361619e+00,3.421850712663766281e+00,4.755667726029639653e+01,9.782562301904528468e+00,4.414997080662149465e+00,3.473446233668196825e+00,4.755256121253722768e+01,9.847073412485201516e+00,4.413042402908032180e+00,3.503815475042281413e+00,4.649330531006469158e+01,8.848833991351842343e+00,4.344999999999999751e+00,3.363999999999999879e+00,5.494999885559082031e+00,-6.591771245002746582e-01
5.153232680216174799e+01,4.954073382496047451e+00,4.524357220732548868e+00,3.415809483269776070e+00,4.799386545282803240e+01,1.019745495998942886e+01,4.413042402908032180e+00,3.503815475042281413e+00,4.835082119770363107e+01,9.700205737104363735e+00,4.591693584007136231e+00,3.256819626995351769e+00,4.698900614683437738e+01,9.231829596557306061e+00,4.338000000000000078e+00,3.242999999999999883e+00,5.415999889373779297e+00,-6.466821432113647461e-01
4.766880781941454615e+01,1.165938038932154974e+01,4.359991528399232763e+00,3.133150877583540606e+00,4.880999055610434567e+01,1.002588769980389927e+01,4.591693584007136231e+00,3.256819626995351769e+00,4.868569385246657077e+01,1.017418787793091184e+01,4.522200505459603725e+00,3.326498911467459685e+00,4.741266356367134449e+01,9.548336935686659643e+00,4.423000000000000043e+00,3.157999999999999918e+00,5.434000015258789062e+00,-6.231096386909484863e-01
4.650304745083261793e+01,8.605513883725182112e+00,4.208457175325110100e+00,2.933562574348538732e+00,4.913791390301253159e+01,1.050683776907765754e+01,4.522200505459603725e+00,3.326498911467459685e+00,4.886129358162398972e+01,1.031073348722564731e+01,4.375167624758139695e+00,3.219566733018850879e+00,4.792800055402668136e+01,9.917477561623607940e+00,4.445999999999999730e+00,3.095000000000000195e+00,5.416999816894531250e+00,-6.087525486946105957e-01
4.866940097456543413e+01,9.269524468536710415e+00,4.308881775388477386e+00,3.039418423231271316e+00,4.929881034409980600e+01,1.063269016052753280e+01,4.375167624758139695e+00,3.219566733018850879e+00,4.923313790379480537e+01,1.049653566057431497e+01,4.340570128785507187e+00,3.147787339350695213e+00,4.835318384997642482e+01,1.021422476936186108e+01,4.429000000000000270e+00,3.121999999999999886e+00,5.419000148773193359e+00,-6.143305897712707520e-01
4.990664206411273085e+01,1.049389049733463253e+01,4.602660221750563885e+00,3.237073717379966187e+00,4.966719491667335262e+01,1.081131439450938458e+01,4.340570128785507187e+00,3.147787339350695213e+00,4.970327896833257597e+01,1.078535125940936545e+01,4.368099912292873199e+00,3.137386360080810288e+00,4.877665625513076719e+01,1.051305956976407252e+01,4.437999999999999723e+00,3.109999999999999876e+00,5.419000148773193359e+00,-6.129406094551086426e-01
4.923923388817864577e+01,9.797268463356109791e+00,4.591639093430622154e+00,3.182988885021067471e+00,5.014008895956186507e+01,1.109908989541744617e+01,4.368099912292873199e+00,3.137386360080810288e+00,5.006101516224773462e+01,1.097858439934885055e+01,4.337895206048305141e+00,3.079307464926270832e+00,4.920330725551063011e+01,1.081193347043247499e+01,4.493999999999999773e+00,3.119000000000000217e+00,5.471000194549560547e+00,-6.061571240425109863e-01
4.977839100713437404e+01,1.258425743749916315e+01,4.679244078535353957e+00,3.286365486653745727e+00,5.049480468285256762e+01,1.128651514584147719e+01,4.337895206048305141e+00,3.079307464926270832e+00,5.043958593452676098e+01,1.141769063773526582e+01,4.323796591646130061e+00,3.149352398142684528e+00,4.971949969205198272e+01,1.117047019113689288e+01,4.530000000000000249e+00,3.169999999999999929e+00,5.528999805450439453e+00,-6.122868657112121582e-01
4.935081551907554598e+01,9.691972567129324645e+00,4.564943713932289704e+00,3.324138390027240320e+00,5.087196559369137105e+01,1.173262587754953401e+01,4.323796591646130061e+00,3.149352398142684528e+00,5.073205674404471210e+01,1.154824850297266359e+01,4.264525845335731979e+00,3.063281208735388450e+00,5.015170870683013504e+01,1.147609515339339836e+01,4.562999999999999723e+00,3.322999999999999954e+00,5.644999980926513672e+00,-6.293948292732238770e-01
5.083709560300876973e+01,1.270374448392552758e+01,4.294653475007848442e+00,3.493314334218967421e+00,5.115850932857828326e+01,1.185457662384620292e+01,4.264525845335731979e+00,3.063281208735388450e+00,5.112797114365216089e+01,1.195329664682897608e+01,4.250738921589740649e+00,3.123284501195383367e+00,5.058630476843838153e+01,1.179812522007663489e+01,4.233999999999999986e+00,3.444999999999999840e+00,5.458000183105468750e+00,-6.828644871711730957e-01
5.086671331483244529e+01,1.568042559793008550e+01,4.061985427627612388e+00,3.684363261824129765e+00,5.155304503581113806e+01,1.226562509694851499e+01,4.250738921589740649e+00,3.123284501195383367e+00,5.147597524965497229e+01,1.261150278946567482e+01,4.205947703907281898e+00,3.308377708783405424e+00,5.099139796192210383e+01,1.212768645404276846e+01,4.280999999999999694e+00,3.686999999999999833e+00,5.650000095367431641e+00,-7.366883158683776855e-01
5.016096411618789119e+01,1.357274277309475785e+01,3.204676056229974090e+00,3.631074186310522034e+00,5.189657002004570074e+01,1.294234056034401448e+01,4.205947703907281898e+00,3.308377708783405424e+00,5.167712182663769482e+01,1.301577891698014255e+01,4.060898252591581326e+00,3.353088711509828013e+00,5.146273527991271379e+01,1.256286902510958470e+01,3.330999999999999961e+00,3.524999999999999911e+00,4.849999904632568359e+00,-8.476951122283935547e-01
5.674111472019908575e+01,1.157593424488734613e+01,1.326582476017328593e+00,2.025196275128536172e+00,5.208321165189685331e+01,1.335108778813112451e+01,4.060898252591581326e+00,3.353088711509828013e+00,5.241809492043692842e+01,1.312595194495131778e+01,4.121327045814844325e+00,3.207019552567182519e+00,5.170569620991170723e+01,1.285623736476273216e+01,1.342999999999999972e+00,2.048999999999999932e+00,2.450000047683715820e+00,-9.908869266510009766e-01
4.684824953932882607e+01,1.113327140960790196e+01,7.216477323053143156e-01,1.101686721964950211e+00,5.283022762501840930e+01,1.344665390020803564e+01,4.121327045814844325e+00,3.207019552567182519e+00,5.207627778145318587e+01,1.313685820688190375e+01,3.624509600959752831e+00,2.998630252294614440e+00,5.180585585513503588e+01,1.300752348943634296e+01,6.979999999999999538e-01,1.036999999999999922e+00,1.250000000000000000e+00,-9.908869266510009766e-01
4.684824953932882607e+01,1.113327140960790196e+01,2.442064302429881872e-01,3.502744746889611127e-01,5.243872874154916275e+01,1.343672123211136515e+01,3.624509600959752831e+00,2.998630252294614440e+00,5.172460368546400389e+01,1.310410306851711937e+01,3.147886542954107636e+00,2.764577281440230294e+00,5.180585585513503588e+01,1.300752348943634296e+01,2.399999999999999911e-01,3.449999999999999734e-01,4.199999868869781494e-01,-9.619615077972412109e-01
5.149731512338931338e+01,1.648047347146391672e+01,2.272515003001897016e-01,3.120140402564384186e-01,5.203939233975941647e+01,1.338056079666114329e+01,3.147886542954107636e+00,2.764577281440230294e+00,5.184864240595927498e+01,1.356496159848260774e+01,2.944397707295309807e+00,2.790112431564999440e+00,5.183327875979700394e+01,1.304621787167544689e+01,2.359999999999999876e-01,3.119999999999999996e-01,3.910000026226043701e-01,-9.413040280342102051e-01
5.179341071098725990e+01,1.668300313996852324e+01,3.413879127565044302e-01,4.464283444870795203e-01,5.214308217668880729e+01,1.384397284163910768e+01,2.944397707295309807e+00,2.790112431564999440e+00,5.198634261614825647e+01,1.400858821009637545e+01,2.769521924595232054e+00,2.808806966776415504e+00,5.184672366074102001e+01,1.306353087584609263e+01,3.380000000000000226e-01,4.339999999999999969e-01,5.500000119209289551e-01,-9.179475307464599609e-01
5.142749391453028807e+01,1.545399303580249928e+01,3.509967074208875104e-01,4.312044816752034770e-01,5.226329480860778176e+01,1.428946890677401704e+01,2.769521924595232054e+00,2.808806966776415504e+00,5.206687694046216563e+01,1.429503035266329825e+01,2.582219997065231976e+00,2.748342201679291108e+00,5.186750422385833303e+01,1.308864779546637891e+01,3.750000000000000000e-01,4.400000000000000022e-01,5.780000090599060059e-01,-8.875821232795715332e-01
5.142749391453028807e+01,1.545399303580249928e+01,3.117553431122798702e-01,3.503849554406403555e-01,5.232509894016868657e+01,1.456986457283122682e+01,2.582219997065231976e+00,2.748342201679291108e+00,5.212947577702889390e+01,1.454815044293416904e+01,2.400896401012682979e+00,2.673916244558728561e+00,5.186750422385833303e+01,1.308864779546637891e+01,3.180000000000000049e-01,3.449999999999999734e-01,4.690000116825103760e-01,-8.436726331710815430e-01
5.113309262702119895e+01,1.457950563526667054e+01,2.809509672289070559e-01,2.972331771844644033e-01,5.236956541713016122e+01,1.481554206739004265e+01,2.400896401012682979e+00,2.673916244558728561e+00,5.214731077189932051e+01,1.468935185030274049e+01,2.212240455618461610e+00,2.548651486731933424e+00,5.189052496829292238e+01,1.311447043503543952e+01,2.839999999999999747e-01,2.969999999999999862e-01,4.099999964237213135e-01,-8.135516643524169922e-01
5.255386571565428966e+01,1.121652383975998468e+01,4.222080012104106328e-01,4.249016077798088431e-01,5.236853481746116756e+01,1.494421699897593392e+01,2.212240455618461610e+00,2.548651486731933424e+00,5.230307419127687041e+01,1.450052980010426751e+01,2.112667318442316144e+00,2.273895349406185762e+00,5.190421114868787100e+01,1.312882990944820349e+01,4.460000000000000075e-01,4.369999999999999996e-01,6.250000000000000000e-01,-7.885779142379760742e-01
5.493532977930565409e+01,1.583123846134629886e+01,3.689719929945657340e-01,3.462595132713726653e-01,5.251434092312110380e+01,1.472791933504488604e+01,2.112667318442316144e+00,2.273895349406185762e+00,5.267328643175330427e+01,1.474740736455495060e+01,2.124513581425001352e+00,2.232243692242218192e+00,5.192579565947949760e+01,1.315015597440842932e+01,3.810000000000000053e-01,3.439999999999999725e-01,5.130000114440917969e-01,-7.536534070968627930e-01
5.034827445437165494e+01,1.802592558977789849e+01,3.898246759229181957e-01,3.380720248587918420e-01,5.288573778989580632e+01,1.497063173377917167e+01,2.124513581425001352e+00,2.232243692242218192e+00,5.255221233188485996e+01,1.517526343428815316e+01,1.896023417087060015e+00,2.282575935059507621e+00,5.194942198677556888e+01,1.317209143725579779e+01,3.990000000000000213e-01,3.459999999999999742e-01,5.279999971389770508e-01,-7.144187092781066895e-01
5.026598773860990121e+01,1.534443469165677065e+01,3.217252281702189798e-01,2.621409365832831351e-01,5.274181467359356645e+01,1.540352102779410437e+01,1.896023417087060015e+00,2.282575935059507621e+00,5.242193228674949523e+01,1.530956747643919869e+01,1.680256253194932548e+00,2.182641994310325906e+00,5.197557745873456980e+01,1.319464297386644347e+01,3.250000000000000111e-01,2.620000000000000107e-01,4.180000126361846924e-01,-6.836989521980285645e-01
5.285320679814093126e+01,1.334271822727975199e+01,3.351977450387500501e-01,2.596506643072170051e-01,5.258995791206898929e+01,1.552783167587023172e+01,1.680256253194932548e+00,2.182641994310325906e+00,5.255309478182730487e+01,1.523808341893700380e+01,1.611458814918761195e+00,1.988963407592286403e+00,5.199317370351842271e+01,1.320888228509683771e+01,3.290000000000000147e-01,2.570000000000000062e-01,4.180000126361846924e-01,-6.590722203254699707e-01
5.153366245336528095e+01,1.399347932404775463e+01,3.423663332303634177e-01,2.518140266212061107e-01,5.271424066331918112e+01,1.543697975969623215e+01,1.611458814918761195e+00,1.988963407592286403e+00,5.253741433179898479e+01,1.522514737334797807e+01,1.477127741605023470e+00,1.838561000794079359e+00,5.200817690742539412e+01,1.322038169072357761e+01,3.430000000000000271e-01,2.530000000000000027e-01,4.259999990463256836e-01,-6.341631412506103516e-01
5.391640423239451962e+01,1.096412725545533284e+01,2.668905686323274074e-01,1.854573175329279067e-01,5.268512710595948789e+01,1.540900347342738641e+01,1.477127741605023470e+00,1.838561000794079359e+00,5.275080836046554822e+01,1.491842045199250677e+01,1.463535081839907326e+00,1.553241841550916380e+00,5.202332316301651360e+01,1.323141665516885190e+01,2.610000000000000098e-01,1.809999999999999942e-01,3.179999887943267822e-01,-6.072824597358703613e-01
5.064461241637879141e+01,1.513604517097062541e+01,4.657238216095771488e-01,3.109683660047415366e-01,5.289716186864954039e+01,1.507374463614759819e+01,1.463535081839907326e+00,1.553241841550916380e+00,5.262648926050741949e+01,1.502525790117275406e+01,1.293582290627234732e+00,1.496363460746477969e+00,5.203310786131952881e+01,1.323822016877541330e+01,4.620000000000000218e-01,3.039999999999999925e-01,5.529999732971191406e-01,-5.887244343757629395e-01
4.991468463811355605e+01,1.399469674944932684e+01,4.623408137229177428e-01,2.885584692178834176e-01,5.275584748957014369e+01,1.517489424724740132e+01,1.293582290627234732e+00,1.496363460746477969e+00,5.243446968261064001e+01,1.501099719988690140e+01,1.105138017034119402e+00,1.383617152699310626e+00,5.205963240515738022e+01,1.325568099074150830e+01,4.580000000000000182e-01,2.899999999999999800e-01,5.419999957084655762e-01,-5.579698681831359863e-01
5.213511888623675361e+01,1.346426859304490620e+01,4.032188032822736079e-01,2.336034845921025338e-01,5.254498348431405219e+01,1.514935891515683331e+01,1.105138017034119402e+00,1.383617152699310626e+00,5.247134815700702859e+01,1.494048012062036790e+01,1.042650955451796646e+00,1.250275133579148878e+00,5.208573256398770468e+01,1.327176566217196196e+01,3.940000000000000169e-01,2.310000000000000109e-01,4.569999873638153076e-01,-5.250948071479797363e-01
5.261621932657114797e+01,1.340232162050134512e+01,1.436711409374960891e+00,7.656659810161429158e-01,5.257561325255220908e+01,1.506550763397828341e+01,1.042650955451796646e+00,1.250275133579148878e+00,5.259811589616880667e+01,1.488780131493006564e+01,1.068525814573380250e+00,1.149958283559252115e+00,5.211571513103674391e+01,1.328892703117274543e+01,1.461999999999999966e+00,7.790000000000000258e-01,1.656999945640563965e+00,-4.896429181098937988e-01
5.261621932657114797e+01,1.340232162050134512e+01,2.507184997865128828e+00,1.336153000841350691e+00,5.270496847762614578e+01,1.500279714328599034e+01,1.068525814573380250e+00,1.149958283559252115e+00,5.276356394227449442e+01,1.486033935685760632e+01,1.151477949824275093e+00,1.084815628534437026e+00,5.211571513103674391e+01,1.328892703117274543e+01,2.597999999999999865e+00,1.187000000000000055e+00,2.857000112533569336e+00,-4.896429181098937988e-01
5.263622834221512647e+01,8.238474322548805517e+00,5.131332689854426476e+00,7.156732754776229388e-01,5.287871173725692131e+01,1.496882091971104956e+01,1.151477949824275093e+00,1.084815628534437026e+00,5.304110921299155024e+01,1.431934955240680196e+01,1.381100888866021670e+00,7.554503362219673335e-01,5.264124976085170005e+01,1.348897357138111985e+01,5.158999999999999808e+00,1.006999999999999895e+00,5.256999969482421875e+00,-1.385772973299026489e-01
5.363010568877360384e+01,1.043519253873889951e+01,5.336348069853193543e+00,7.442670224426378711e-01,5.317921930187814894e+01,1.439489458602899852e+01,1.381100888866021670e+00,7.554503362219673335e-01,5.340938778834134126e+01,1.402179979168827728e+01,1.642915286981817768e+00,5.715830206589486151e-01,5.315869246392544767e+01,1.353093524049825014e+01,5.397000000000000242e+00,-7.339999999999999858e-01,5.447000026702880859e+00,-1.385772973299026489e-01
5.519692145235713809e+01,1.547806234495145894e+01,5.544783876772751086e+00,-1.037424906130845814e+00,5.357367931703952024e+01,1.407895809375417251e+01,1.642915286981817768e+00,5.715830206589486151e-01,5.391788397875895811e+01,1.414021921884734923e+01,1.958445248854966181e+00,5.589542793133427390e-01,5.377555762231614267e+01,1.340031905305880500e+01,5.411999999999999922e+00,-1.556000000000000050e+00,5.631000041961669922e+00,1.849607825279235840e-01
5.442886970931525781e+01,1.431303055342240604e+01,5.028894512656881588e+00,-2.271243133140193660e+00,5.411372850364445242e+01,1.419611464677868362e+01,1.958445248854966181e+00,5.589542793133427390e-01,5.428894045076879138e+01,1.408329588004844446e+01,2.159996642383433141e+00,4.282132835759834277e-01,5.424645148221432578e+01,1.316117472730568672e+01,4.544999999999999929e+00,-2.869000000000000217e+00,5.375000000000000000e+00,4.242157936096191406e-01
5.238625059967882436e+01,1.238583557054694317e+01,4.244444866250407067e+00,-3.190734581515561885e+00,5.450494011500713754e+01,1.412611720840604335e+01,2.159996642383433141e+00,4.282132835759834277e-01,5.439201270277536082e+01,1.380402964542662048e+01,2.183504922900845191e+00,1.735414299395160453e-01,5.464622984766503322e+01,1.283627028509354062e+01,3.814000000000000057e+00,-3.857000000000000206e+00,5.423999786376953125e+00,6.446161270141601562e-01
5.233253227178466460e+01,1.391685731480609611e+01,3.882647126210825750e+00,-4.194962241680945780e+00,5.461036319506544601e+01,1.382138378842057236e+01,2.183504922900845191e+00,1.735414299395160453e-01,5.446356042499069616e+01,1.363924676416413817e+01,2.175910881718628342e+00,-3.219657237195899802e-02,5.498735152180932317e+01,1.244507784920724092e+01,3.435999999999999943e+00,-4.197000000000000064e+00,5.423999786376953125e+00,8.240432143211364746e-01
5.233253227178466460e+01,1.391685731480609611e+01,2.889325754176856442e+00,-4.432434603646587590e+00,5.468115151316256117e+01,1.363602710692694231e+01,2.175910881718628342e+00,-3.219657237195899802e-02,5.448111952501992761e+01,1.346994366149352906e+01,2.105087460979964575e+00,-2.308794537919868217e-01,5.498735152180932317e+01,1.244507784920724092e+01,2.745000000000000107e+00,-4.663000000000000256e+00,5.410999774932861328e+00,9.931148290634155273e-01
5.510942195331105609e+01,1.287530614247310368e+01,2.459067360265720481e+00,-4.769375808309201048e+00,5.469162827111792069e+01,1.344685571611432984e+01,2.105087460979964575e+00,-2.308794537919868217e-01,5.474974687316608879e+01,1.319451508792084837e+01,2.146855045069390844e+00,-4.756777447528666714e-01,5.532264815206023911e+01,1.191971488150579006e+01,2.286999999999999922e+00,-5.006000000000000227e+00,5.504000186920166016e+00,1.094750523567199707e+00
5.612764398757391859e+01,1.149430580604012597e+01,2.303759848239454566e+00,-5.405558778689174559e+00,5.496443237767302747e+01,1.314694731344556189e+01,2.146855045069390844e+00,-4.756777447528666714e-01,5.508741375123358353e+01,1.277575361016555888e+01,2.212881374657432065e+00,-7.893578415613295984e-01,5.555466185499097520e+01,1.145098109356885629e+01,2.162999999999999812e+00,-5.261000000000000121e+00,5.688000202178955078e+00,1.167923688888549805e+00
5.749022696876357941e+01,1.066699884600221893e+01,1.948514993201477807e+00,-5.276733300183840569e+00,5.530870188869932491e+01,1.269681782600942554e+01,2.212881374657432065e+00,-7.893578415613295984e-01,5.551316697372923414e+01,1.230949147105126329e+01,2.302824895365545022e+00,-1.099212899925169129e+00,5.575966368592538203e+01,1.095372290702881202e+01,1.858000000000000096e+00,-5.237000000000000099e+00,5.557000160217285156e+00,1.217062711715698242e+00
5.656714253123028158e+01,7.466947509033005304e+00,1.864992430378892729e+00,-5.610129174498885263e+00,5.574344946326579020e+01,1.219957018105874624e+01,2.302824895365545022e+00,-1.099212899925169129e+00,5.580481092474767024e+01,1.155688175598622713e+01,2.316282839366520907e+00,-1.535336922778497648e+00,5.594279776504213686e+01,1.044850726247608108e+01,1.762999999999999901e+00,-5.466000000000000192e+00,5.743000030517578125e+00,1.249856233596801758e+00
5.452027128641326215e+01,9.074814630697986217e+00,1.585313885606543627e+00,-5.129614062823701026e+00,5.603643920868432104e+01,1.140334806370837661e+01,2.316282839366520907e+00,-1.535336922778497648e+00,5.585147091728122604e+01,1.102698570716132664e+01,2.198289266889390081e+00,-1.816057257971499084e+00,5.614636336233357383e+01,9.831503821010350919e+00,1.576999999999999957e+00,-5.105000000000000426e+00,5.342999935150146484e+00,1.271056413650512695e+00
5.720206366472783088e+01,6.768482638203611401e+00,1.489297966008438667e+00,-5.122910986487206664e+00,5.607129984397016642e+01,1.084537998136417691e+01,2.198289266889390081e+00,-1.816057257971499084e+00,5.615047868029726175e+01,1.031707236404672301e+01,2.210217314449593129e+00,-2.163897426405171576e+00,5.629621039287387418e+01,9.340969992553869616e+00,1.469000000000000083e+00,-5.107000000000000206e+00,5.314000129699707031e+00,1.287881135940551758e+00
5.700227718065171700e+01,8.728973729934308423e+00,1.467747463062806679e+00,-5.480875017775757030e+00,5.637150041174221826e+01,1.010068262140620554e+01,2.210217314449593129e+00,-2.163897426405171576e+00,5.639940937808731292e+01,9.826488656716476200e+00,2.195825197182216915e+00,-2.386977746452197291e+00,5.643607054646964372e+01,8.854166938460291902e+00,1.413000000000000034e+00,-5.299999999999999822e+00,5.485000133514404297e+00,1.309141397476196289e+00
5.962410818036217108e+01,5.359963369825329060e+00,1.477767298576116550e+00,-5.461608529080495877e+00,5.661899189780553598e+01,9.587790882071256959e+00,2.195825197182216915e+00,-2.386977746452197291e+00,5.688406514151544258e+01,9.055440528808190948e+00,2.298259763516228738e+00,-2.730634102336414237e+00,5.657167349764822006e+01,8.350597335402252241e+00,1.473999999999999977e+00,-5.480000000000000426e+00,5.675000190734863281e+00,1.306549906730651855e+00
6.031141887562261417e+01,3.443077040916991294e+00,1.468189586634202515e+00,-5.323241637022473327e+00,5.711389111786706252e+01,8.782377118574549613e+00,2.298259763516228738e+00,-2.730634102336414237e+00,5.739284190098642569e+01,8.166526286110178390e+00,2.403247484222068575e+00,-3.102561274299916683e+00,5.674136839814058675e+01,7.724255515611218037e+00,1.441999999999999948e+00,-5.229000000000000092e+00,5.423999786376953125e+00,1.301679611206054688e+00
5.839719317857372261e+01,7.867364121636448715e+00,1.475817902725282238e+00,-5.267149060230994273e+00,5.763316664940862921e+01,7.856270158680186633e+00,2.403247484222068575e+00,-3.102561274299916683e+00,5.766565379030347316e+01,7.762613879219648183e+00,2.384109717199674794e+00,-3.206180801225654076e+00,5.687977896575150538e+01,7.224180175337703069e+00,1.477999999999999980e+00,-5.275999999999999801e+00,5.479000091552734375e+00,1.297608733177185059e+00
5.106502352637097886e+01,5.799223018403619534e+00,1.386937037747703272e+00,-5.072818231285871171e+00,5.790406476202343811e+01,7.441995799097083086e+00,2.384109717199674794e+00,-3.206180801225654076e+00,5.717750363917225087e+01,7.205746935484619087e+00,1.991382857677744589e+00,-3.372038633101255733e+00,5.702103529832948681e+01,6.719242048728697903e+00,1.449999999999999956e+00,-5.219000000000000306e+00,5.416999816894531250e+00,1.303912997245788574e+00
5.713769272684798750e+01,7.553387714683179155e+00,1.403215703854381324e+00,-5.512198471430821201e+00,5.737664192494002435e+01,6.868543072174493780e+00,1.991382857677744589e+00,-3.372038633101255733e+00,5.732532695409361168e+01,6.839355034273939538e+00,1.944098671551884205e+00,-3.443289165528930607e+00,5.718441115296398181e+01,6.116262389534002253e+00,1.393000000000000016e+00,-5.389000000000000234e+00,5.565999984741210938e+00,1.321525335311889648e+00
5.675449363828083449e+01,9.417265607225038693e+00,1.241013841751956504e+00,-5.267791813010778590e+00,5.751973682124879872e+01,6.495026117721046433e+00,1.944098671551884205e+00,-3.443289165528930607e+00,5.741072060097670970e+01,6.690185487680434306e+00,1.864276536570712350e+00,-3.395765564864788200e+00,5.731401549241750359e+01,5.599164916079860888e+00,1.227999999999999980e+00,-5.198999999999999844e+00,5.342000007629394531e+00,1.339429855346679688e+00
5.742208352762157375e+01,4.885090125794469884e+00,1.165214423825079448e+00,-5.120085505666183145e+00,5.759714825463377963e+01,6.350608931193955087e+00,1.864276536570712350e+00,-3.395765564864788200e+00,5.754698700524320287e+01,6.137265914833673897e+00,1.813369406393336991e+00,-3.546570201165868852e+00,5.743086539157830828e+01,5.100228263655067984e+00,1.219999999999999973e+00,-5.293000000000000149e+00,5.432000160217285156e+00,1.347030282020568848e+00
5.673859284766710687e+01,3.838114095623390121e+00,1.237111079840541805e+00,-5.436007638832204947e+00,5.772832394588253635e+01,5.782608894717086834e+00,1.813369406393336991e+00,-3.546570201165868852e+00,5.760293585497137769e+01,5.516970679714136239e+00,1.730334410857633953e+00,-3.727494243816404929e+00,5.754622565167011317e+01,4.591250850247252657e+00,1.207999999999999963e+00,-5.410000000000000142e+00,5.543000221252441406e+00,1.347030282020568848e+00
5.815606372036673832e+01,5.757588874835025683e-01,1.196408890029918126e+00,-5.417463262609707009e+00,5.777596929605714138e+01,5.144221255332495524e+00,1.730334410857633953e+00,-3.727494243816404929e+00,5.778873195396204210e+01,4.640396003319250617e+00,1.716413594065843151e+00,-4.020308792622830474e+00,5.768221579474943184e+01,3.973569823529186529e+00,1.139999999999999902e+00,-5.310999999999999943e+00,5.432000160217285156e+00,1.353442072868347168e+00
5.815606372036673832e+01,5.757588874835025683e-01,1.172224223025110756e+00,-5.497411142492136804e+00,5.796037331336862763e+01,4.238365124056967304e+00,1.716413594065843151e+00,-4.020308792622830474e+00,5.795432438327053859e+01,3.829093244273648722e+00,1.692911822568040625e+00,-4.260942813118544059e+00,5.768221579474943184e+01,3.973569823529186529e+00,1.141999999999999904e+00,-5.503999999999999559e+00,5.620999813079833984e+00,1.360710620880126953e+00
5.970122395459204512e+01,3.701997144120200200e+00,1.131584509407350669e+00,-5.674267344212153397e+00,5.812361556552734498e+01,3.402998962961794049e+00,1.692911822568040625e+00,-4.260942813118544059e+00,5.825413254981098277e+01,3.369301886825975423e+00,1.735504415063572115e+00,-4.315091244261390457e+00,5.779044829284075036e+01,3.457586719307718326e+00,1.100999999999999979e+00,-5.511999999999999567e+00,5.620999813079833984e+00,1.373954772949218750e+00
5.982273827500701202e+01,3.188976181394484133e+00,1.007668509241711030e+00,-5.389609540608686800e+00,5.842768299131734011e+01,2.937792762399836555e+00,1.735504415063572115e+00,-4.315091244261390457e+00,5.853225053416679913e+01,2.914419040895654067e+00,1.759128759330716107e+00,-4.355154278690046787e+00,5.798795424374714713e+01,2.423709345599968312e+00,9.469999999999999529e-01,-5.352999999999999758e+00,5.435999870300292969e+00,1.385965228080749512e+00
5.982273827500701202e+01,3.188976181394484133e+00,9.145950604275209228e-01,-5.294586521454305306e+00,5.870816341009987127e+01,2.478903613026649300e+00,1.759128759330716107e+00,-4.355154278690046787e+00,5.877938128713746124e+01,2.504621061778823599e+00,1.762048857932243751e+00,-4.367472644066428877e+00,5.798795424374714713e+01,2.423709345599968312e+00,9.130000000000000338e-01,-5.325000000000000178e+00,5.401999950408935547e+00,1.399742841720581055e+00
5.948092566407407134e+01,1.510159177136003894e+00,9.254740536067362910e-01,-5.415490126943810267e+00,5.895558617293068693e+01,2.067873797372180800e+00,1.762048857932243751e+00,-4.367472644066428877e+00,5.896860430053726532e+01,1.969542672401632721e+00,1.736826525821556055e+00,-4.443711767369919130e+00,5.809391318203138610e+01,1.810765696056759744e+00,9.240000000000000435e-01,-5.317000000000000171e+00,5.396999835968017578e+00,1.401537537574768066e+00
5.515743885880808506e+01,3.833484842020212113e+00,8.911495847199898401e-01,-5.170770126339511386e+00,5.914228695311942374e+01,1.525171495664640720e+00,1.736826525821556055e+00,-4.443711767369919130e+00,5.870654509189596837e+01,1.710573726766270841e+00,1.491946165652066503e+00,-4.371816757384747731e+00,5.818168745884084814e+01,1.301806164783525510e+00,8.790000000000000036e-01,-5.302999999999999936e+00,5.375999927520751953e+00,1.400129199028015137e+00
5.685533522019319719e+01,-1.979909467177862092e+00,8.233014678077947845e-01,-5.428927851812344940e+00,5.885573970846117220e+01,1.273392051027796068e+00,1.491946165652066503e+00,-4.371816757384747731e+00,5.862555666873752358e+01,9.210100136718373243e-01,1.354208624000229566e+00,-4.573295695929243898e+00,5.826841078699375487e+01,7.938723102540601317e-01,7.700000000000000178e-01,-5.394000000000000128e+00,5.448999881744384766e+00,1.420292258262634277e+00
5.862024266955403817e+01,-6.652394403379117138e-01,5.544462263856342332e-01,-5.719187287889794469e+00,5.876097753113754862e+01,4.636804440789129012e-01,1.354208624000229566e+00,-4.573295695929243898e+00,5.870950987546211053e+01,3.073172854943118093e-01,1.298861150499066364e+00,-4.680689407610500119e+00,5.834141074085661671e+01,2.806785835146131114e-01,4.889999999999999902e-01,-5.506000000000000227e+00,5.527999877929687500e+00,1.474153399467468262e+00
6.002994893471755944e+01,4.065170421906164067e-01,3.577751353251181765e-01,-5.395150290198541754e+00,5.883939599051201697e+01,-1.607516552667382359e-01,1.298861150499066364e+00,-4.680689407610500119e+00,5.891364186532436520e+01,-1.386295179967650948e-01,1.299615785355426212e+00,-4.688796579391054209e+00,5.840055762187547828e+01,-3.483987318421085666e-01,3.059999999999999942e-01,-5.333000000000000185e+00,5.342000007629394531e+00,1.504579067230224609e+00
6.022891066927747517e+01,1.411429359003393502e+00,2.440960266973741244e-01,-5.557642339984973034e+00,5.904360344385990800e+01,-6.075091759358706156e-01,1.299615785355426212e+00,-4.688796579391054209e+00,5.911196534808580338e+01,-4.555401025862872988e-01,1.293174466792302191e+00,-4.637120319924882494e+00,5.843233023519010771e+01,-8.617411123172994403e-01,2.359999999999999876e-01,-5.410000000000000142e+00,5.414999961853027344e+00,1.526903748512268066e+00
5.803734637739449198e+01,-2.564349422521554178e+00,2.964300569227423798e-01,-5.759376746600813668e+00,5.924128279476503423e+01,-9.192521345787756371e-01,1.293174466792302191e+00,-4.637120319924882494e+00,5.907489715332123126e+01,-1.123153236313435333e+00,1.174228243695033314e+00,-4.767275376185315494e+00,5.845464621435679931e+01,-1.377781281757153753e+00,2.839999999999999747e-01,-5.551000000000000156e+00,5.559000015258789062e+00,1.519372582435607910e+00
5.901411025170214941e+01,-1.281234429829640087e+00,3.424826724052221771e-01,-4.398687440721832154e+00,5.919231997769073672e+01,-1.599880773931966926e+00,1.174228243695033314e+00,-4.767275376185315494e+00,5.913562837231147995e+01,-1.553770712106674168e+00,1.115120255301610186e+00,-4.734790556277147289e+00,5.848801909378609309e+01,-2.012824343261631288e+00,4.359999999999999987e-01,-4.336999999999999744e+00,4.359000205993652344e+00,1.493092894554138184e+00
5.917941002524109706e+01,-2.892298088837509162e+00,6.788088232130564670e-01,-3.069846073884411997e+00,5.924714039784164044e+01,-2.027249767734388808e+00,1.115120255301610186e+00,-4.734790556277147289e+00,5.921996153512772310e+01,-2.035809346956265475e+00,1.085364908172966603e+00,-4.694744710656913789e+00,5.852936659752828064e+01,-2.422841238425741839e+00,5.909999999999999698e-01,-3.103000000000000203e+00,3.158999919891357422e+00,1.353176593780517578e+00
5.690954767145112214e+01,-3.320228206244463465e+00,4.039603440252531596e-01,-1.826870885739346306e+00,5.932849802594501654e+01,-2.505283818021956765e+00,1.085364908172966603e+00,-4.694744710656913789e+00,5.905611165167265852e+01,-2.456500767712360922e+00,9.265203493105295118e-01,-4.594509048789086947e+00,5.857828055289508029e+01,-2.629317568697595142e+00,5.220000000000000195e-01,-1.887999999999999901e+00,1.958999991416931152e+00,1.353176593780517578e+00
5.872653789797562496e+01,-2.523837478332268791e+00,1.816243728170016392e-01,-4.840471128039766646e-01,5.914876368660371497e+01,-2.915951672591269528e+00,9.265203493105295118e-01,-4.594509048789086947e+00,5.907188564997650104e+01,-2.699222209947488960e+00,8.608259714997453793e-01,-4.378610110787832355e+00,5.859240446985114659e+01,-2.671749518932029943e+00,1.890000000000000013e-01,-5.030000000000000027e-01,5.370000004768371582e-01,1.211832404136657715e+00
6.301352272874056126e+01,-1.541900323167964881e+00,1.682442227398113777e-01,-4.108891414917818508e-01,5.915796824712647606e+01,-3.137083221026272462e+00,8.608259714997453793e-01,-4.378610110787832355e+00,5.950877281793007256e+01,-2.813390617656662762e+00,1.006120303039498731e+00,-4.113877506071426993e+00,5.860461722270803619e+01,-2.704031752553543999e+00,1.670000000000000095e-01,-4.209999999999999853e-01,4.530000090599060059e-01,1.182158231735229492e+00
5.820418737838112122e+01,-8.271274255547961474e+00,1.706447493888150757e-01,-3.892369196759452588e-01,5.960938484823402206e+01,-3.224778368263805373e+00,1.006120303039498731e+00,-4.113877506071426993e+00,5.943055020927968712e+01,-3.536698363616805452e+00,8.871787276102126585e-01,-4.168340442326750939e+00,5.861274825025866875e+01,-2.723633932637658184e+00,1.700000000000000122e-01,-3.930000000000000160e-01,4.280000030994415283e-01,1.157623648643493652e+00
5.731998549412104893e+01,5.279516703396688326e-01,2.033931383904319101e-01,-4.347772084136978799e-01,5.951926808204071051e+01,-3.953532407849480457e+00,8.871787276102126585e-01,-4.168340442326750939e+00,5.926860611893633290e+01,-3.368484985554415445e+00,7.388612543279069467e-01,-3.781240429735113207e+00,5.862093077553269183e+01,-2.742041872370151623e+00,2.000000000000000111e-01,-4.269999999999999907e-01,4.709999859333038330e-01,1.133230686187744141e+00
5.989118884445004198e+01,3.588802973418409731e-02,2.076305041221945813e-01,-4.438350854810508839e-01,5.934249224436912584e+01,-3.746609028527926988e+00,7.388612543279069467e-01,-3.781240429735113207e+00,5.937214101690259582e+01,-3.244667670811332449e+00,7.332946236749018354e-01,-3.445560865311169341e+00,5.863120566275984658e+01,-2.763717579064029817e+00,2.149999999999999967e-01,-4.420000000000000040e-01,4.920000135898590088e-01,1.133230686187744141e+00
5.989118884445004198e+01,3.588802973418409731e-02,2.168124551146610179e-01,-4.282433292037023942e-01,5.944547047927008521e+01,-3.589223757342449250e+00,7.332946236749018354e-01,-3.445560865311169341e+00,5.946557387897920677e+01,-3.116096024342100979e+00,7.236198800275470688e-01,-3.132566706712820448e+00,5.863120566275984658e+01,-2.763717579064029817e+00,2.220000000000000029e-01,-4.390000000000000013e-01,4.920000135898590088e-01,1.102134704589843750e+00
5.814307068244308141e+01,-3.958727883457600516e+00,8.127978560570116029e-01,-1.507888871157618826e+00,5.953793586698196094e+01,-3.429352695013383023e+00,7.236198800275470688e-01,-3.132566706712820448e+00,5.940345883560375739e+01,-3.408087295409605311e+00,6.612662122213887050e-01,-3.078916742231214698e+00,5.866893874084141913e+01,-2.834066437407615879e+00,8.499999999999999778e-01,-1.457999999999999963e+00,1.687999963760375977e+00,1.076414108276367188e+00
5.682038246105340562e+01,-2.235395895151595536e+00,1.452145995748266971e+00,-2.398684525071795637e+00,5.946958545682589659e+01,-3.715978969632726781e+00,6.612662122213887050e-01,-3.078916742231214698e+00,5.924330416881159778e+01,-3.546897011030015090e+00,5.805390916930203149e-01,-2.977643222911349863e+00,5.879224501522461566e+01,-3.022421287605004281e+00,1.614000000000000101e+00,-2.395000000000000018e+00,2.888000011444091797e+00,1.026421070098876953e+00
5.682038246105340562e+01,-2.235395895151595536e+00,2.678917803929225183e+00,-3.195668949700911643e+00,5.930135807798090042e+01,-3.844661333321150121e+00,5.805390916930203149e-01,-2.977643222911349863e+00,5.915307055788858293e+01,-3.702769020559255608e+00,5.872924023184660225e-01,-2.913624919729411289e+00,5.879224501522461566e+01,-3.022421287605004281e+00,2.625000000000000000e+00,-3.133999999999999897e+00,4.087999820709228516e+00,8.731361627578735352e-01
5.641971121666460931e+01,-3.463712991872655245e+00,4.864299775725114294e+00,-3.067994109874446096e+00,5.921179979812043115e+01,-3.994131512532196560e+00,5.872924023184660225e-01,-2.913624919729411289e+00,5.913467973707010827e+01,-3.950973072343700210e+00,7.110790955380646983e-01,-2.896493531630899287e+00,5.908278761782216293e+01,-3.331724213760963504e+00,5.171999999999999709e+00,-2.169999999999999929e+00,5.609000205993652344e+00,5.626994967460632324e-01
6.185118304127303190e+01,-7.568310069364306614e+00,5.027921843430056548e+00,-1.500337701369474530e+00,5.920578764662391791e+01,-4.240622425506789916e+00,7.110790955380646983e-01,-2.896493531630899287e+00,5.967104531460419281e+01,-4.492674291485625915e+00,1.101436245188283314e+00,-2.983395626276324375e+00,5.962841521165709935e+01,-3.654791163446416746e+00,5.299000000000000377e+00,-1.282999999999999918e+00,5.452000141143798828e+00,2.899893224239349365e-01
5.543680344488605982e+01,-1.442683267011503734e+00,5.639323298311985866e+00,-3.129441890893890355e-01,5.978118893912301957e+01,-4.791013854113258752e+00,1.101436245188283314e+00,-2.983395626276324375e+00,5.956198858370655103e+01,-4.359106373307633397e+00,1.165635973505820155e+00,-2.699902997304858943e+00,6.013972960366353959e+01,-3.780747698042102645e+00,5.649000000000000021e+00,1.469999999999999918e-01,5.651000022888183594e+00,5.543635785579681396e-02
6.193715403929766694e+01,-1.938332723980188188e+00,5.657993861057735607e+00,8.927997241170020359e-01,5.967855218105713533e+01,-4.629096673038119114e+00,1.165635973505820155e+00,-2.699902997304858943e+00,6.011358566716785390e+01,-4.218717528197121425e+00,1.547848686351493530e+00,-2.402487578249595579e+00,6.067238913471331330e+01,-3.788645313858268970e+00,5.357999999999999652e+00,1.124000000000000110e+00,5.473999977111816406e+00,-1.565039753913879395e-01
6.204242335253589857e+01,-1.886245059026533166e+00,5.122859106102739979e+00,1.423658191425864583e+00,6.026837053580300108e+01,-4.458966286022080894e+00,1.547848686351493530e+00,-2.402487578249595579e+00,6.061224945340762105e+01,-4.049481809395535592e+00,1.850879092821207550e+00,-2.099307002257579491e+00,6.119670782954868571e+01,-3.707773732248652365e+00,5.288999999999999702e+00,1.471000000000000085e+00,5.488999843597412109e+00,-2.710631489753723145e-01
6.288818596266951744e+01,-3.375729175882505650e+00,5.200389065760568919e+00,1.938673691438281610e+00,6.079733736268973843e+01,-4.259412509621293808e+00,1.850879092821207550e+00,-2.099307002257579491e+00,6.116213998266918139e+01,-3.999597730898619918e+00,2.155621511072967067e+00,-1.864135920345704633e+00,6.180185423783530752e+01,-3.534253882265569136e+00,5.070000000000000284e+00,1.977000000000000091e+00,5.441999912261962891e+00,-3.568352162837982178e-01
6.007408820046416764e+01,-1.736287878848363775e+00,4.840376244492002655e+00,2.183313354531644990e+00,6.137770213377648076e+01,-4.186011322933190115e+00,2.155621511072967067e+00,-1.864135920345704633e+00,6.137392817929875832e+01,-3.778418884897270402e+00,2.255138654102167184e+00,-1.556003605120247268e+00,6.228877173336116613e+01,-3.344920681708956511e+00,4.895999999999999908e+00,2.346000000000000085e+00,5.428999900817871094e+00,-4.237373471260070801e-01
6.381805919103425140e+01,-1.731819796086928376e+00,4.983212695910445689e+00,2.645705475985426602e+00,6.159944204470897233e+01,-3.934019245409295262e+00,2.255138654102167184e+00,-1.556003605120247268e+00,6.194782410873829548e+01,-3.542969832210526526e+00,2.528394159341081693e+00,-1.251910273132269547e+00,6.276011000520310290e+01,-3.125794338695295771e+00,4.987000000000000099e+00,2.581999999999999851e+00,5.616000175476074219e+00,-4.880793988704681396e-01
6.381805919103425140e+01,-1.731819796086928376e+00,4.846311067723745758e+00,2.573021163782152509e+00,6.220066352467240023e+01,-3.668160859523753370e+00,2.528394159341081693e+00,-1.251910273132269547e+00,6.247006087532470531e+01,-3.318612491614082671e+00,2.747563619676375524e+00,-9.782517311855307707e-01,6.276011000520310290e+01,-3.125794338695295771e+00,4.908999999999999808e+00,2.728000000000000203e+00,5.616000175476074219e+00,-4.880793988704681396e-01
6.517319701580193225e+01,-3.652761624636117865e+00,4.641049183109268839e+00,3.061741635682098117e+00,6.274481723729234517e+01,-3.416437664732635771e+00,2.747563619676375524e+00,-9.782517311855307707e-01,6.307494071543383285e+01,-3.261926829415665363e+00,2.980386481003522992e+00,-7.948387783974919518e-01,6.377652655499848322e+01,-2.548917339658169912e+00,4.500000000000000000e+00,3.024999999999999911e+00,5.421999931335449219e+00,-5.831702351570129395e-01
6.531039260307289851e+01,-3.317727433914293922e+00,4.500717647203229532e+00,3.216607743827681887e+00,6.337297936353418493e+01,-3.341410707255414447e+00,2.980386481003522992e+00,-7.948387783974919518e-01,6.363681197690360136e+01,-3.163682269070946518e+00,3.166723952358190708e+00,-6.007611326387506390e-01,6.420819960544874050e+01,-2.259272204320358135e+00,4.432000000000000384e+00,3.124000000000000110e+00,5.421999931335449219e+00,-6.205156445503234863e-01
6.303510831241784729e+01,2.113945021809871538e-01,4.323372744314063709e+00,3.230488406287985725e+00,6.395348437213942105e+01,-3.223758382334821704e+00,3.166723952358190708e+00,-6.007611326387506390e-01,6.391639570206407939e+01,-2.732896328512703477e+00,3.192266949128272024e+00,-2.574055061679653145e-01,6.462496481820483041e+01,-1.958773660158380947e+00,4.333000000000000185e+00,3.220000000000000195e+00,5.399000167846679688e+00,-6.417162418365478516e-01
6.533797454785910475e+01,-3.330091165573553891e+00,4.423824526399759982e+00,3.371293269738675047e+00,6.423562239697690757e+01,-2.758636879129499953e+00,3.192266949128272024e+00,-2.574055061679653145e-01,6.440291376036358884e+01,-2.653655644537391112e+00,3.320521058498338007e+00,-1.092950768064549494e-01,6.512459097783134609e+01,-1.584900663630169904e+00,4.472000000000000419e+00,3.404999999999999805e+00,5.620999813079833984e+00,-6.511854529380798340e-01
6.490477614094353953e+01,-5.156039017755814635e-01,4.300304331441552996e+00,3.302342488656595521e+00,6.473496586621342885e+01,-2.664585152218036601e+00,3.320521058498338007e+00,-1.092950768064549494e-01,6.479775977683712540e+01,-2.313108984712645810e+00,3.388200403051584431e+00,1.543258591511896261e-01,6.555270300804701833e+01,-1.258231880137285374e+00,4.461000000000000298e+00,3.419000000000000039e+00,5.620999813079833984e+00,-6.548793315887451172e-01
6.490477614094353953e+01,-5.156039017755814635e-01,4.389926986312613799e+00,3.371166617907860985e+00,6.513657981714229095e+01,-2.297676398797527053e+00,3.388200403051584431e+00,1.543258591511896261e-01,6.516047974208407823e+01,-1.989248434495082929e+00,3.437700249222821913e+00,3.915881626168729035e-01,6.555270300804701833e+01,-1.258231880137285374e+00,4.323999999999999844e+00,3.329000000000000181e+00,5.456999778747558594e+00,-6.548793315887451172e-01
6.361944113620035779e+01,1.099384737606894813e+00,4.426135724020606510e+00,3.432276456279433230e+00,6.550424976700635682e+01,-1.950089618233395550e+00,3.437700249222821913e+00,3.915881626168729035e-01,6.536321053506277678e+01,-1.530106548192464055e+00,3.406090554953632221e+00,6.790553307838307351e-01,6.638524542726528921e+01,-6.132474413750974573e-01,4.373999999999999666e+00,3.447999999999999954e+00,5.570000171661376953e+00,-6.595953106880187988e-01
6.646089534406804944e+01,2.098010019924963221e-01,4.360272444303787687e+00,3.440194632536071939e+00,6.570381959055814036e+01,-1.462201015114080960e+00,3.406090554953632221e+00,6.790553307838307351e-01,6.582379068276740952e+01,-1.184067448517825083e+00,3.500746506060526730e+00,8.892987951061714913e-01,6.688523016877103089e+01,-2.192006575882930741e-01,4.304999999999999716e+00,3.392999999999999794e+00,5.481999874114990234e+00,-6.679890155792236328e-01
6.930730520134122230e+01,9.692661300408972336e-01,4.483313187568360725e+00,3.531253224678217340e+00,6.617386533337345611e+01,-1.095137569007207823e+00,3.500746506060526730e+00,8.892987951061714913e-01,6.653138813030122378e+01,-7.852935560825937689e-01,3.712568473643146127e+00,1.111976272151101508e+00,6.729908286036875609e+01,1.068356762520950437e-01,4.349999999999999645e+00,3.426000000000000156e+00,5.537000179290771484e+00,-6.671610474586486816e-01
6.678224955477347180e+01,1.176529122833356533e+00,4.256140409450144269e+00,3.342905137105882218e+00,6.690264497766554541e+01,-6.740959288674835959e-01,3.712568473643146127e+00,1.111976272151101508e+00,6.691614964263793297e+01,-4.023506284614201678e-01,3.739690641129538307e+00,1.304982600814882376e+00,6.770727644824745539e+01,4.273172152995030060e-01,4.136999999999999567e+00,3.244000000000000217e+00,5.256999969482421875e+00,-6.657941341400146484e-01
7.047713909999109205e+01,1.023212297314794794e+00,4.220636970960160106e+00,3.326574865890019606e+00,6.729011870675088858e+01,-2.718523683799319302e-01,3.739690641129538307e+00,1.304982600814882376e+00,6.762946103837127509e+01,-6.154338634491540727e-02,3.923689181855145147e+00,1.462196484633457860e+00,6.810377989683188105e+01,7.396964560908196873e-01,4.176000000000000156e+00,3.299999999999999822e+00,5.322999954223632812e+00,-6.674851179122924805e-01
7.047713909999109205e+01,1.023212297314794794e+00,4.457182572959759170e+00,3.507863556692757179e+00,6.802182995655678610e+01,8.467626211843037876e-02,3.923689181855145147e+00,1.462196484633457860e+00,6.829089924202290263e+01,2.624893865644565838e-01,4.075328330213281447e+00,1.604061714948955775e+00,6.810377989683188105e+01,7.396964560908196873e-01,4.483999999999999986e+00,3.505999999999999783e+00,5.691999912261962891e+00,-6.667721271514892578e-01
6.760090051533265409e+01,-3.724829429855557317e-01,4.559319427065182673e+00,3.550978050253511320e+00,6.869843207504422367e+01,4.228955580593521946e-01,4.075328330213281447e+00,1.604061714948955775e+00,6.861201286104744668e+01,4.332280693403171568e-01,4.051367057585222753e+00,1.660898181533070117e+00,6.859543524676246307e+01,1.125956965873871285e+00,4.368000000000000327e+00,3.407999999999999918e+00,5.539999961853027344e+00,-6.617043614387512207e-01
6.905025149093121684e+01,1.266665173223540108e+00,4.195051575888769868e+00,3.291164522809086446e+00,6.901714956680596913e+01,5.993178874936242462e-01,4.051367057585222753e+00,1.660898181533070117e+00,6.902717330406419194e+01,7.334386316189298594e-01,4.061690512364405592e+00,1.770223767838438489e+00,6.901873122095453539e+01,1.455641222818121028e+00,4.355999999999999872e+00,3.422000000000000153e+00,5.539999961853027344e+00,-6.652396321296691895e-01
6.653743277459228977e+01,1.099122955009902425e+00,4.143779601835049675e+00,3.264156340854734051e+00,6.943334235530063836e+01,9.104610084027737749e-01,4.061690512364405592e+00,1.770223767838438489e+00,6.914932239211023557e+01,9.935731857650801357e-01,3.925985785386028049e+00,1.850828121380533986e+00,6.943387709529937979e+01,1.781772328477919665e+00,4.299000000000000377e+00,3.386000000000000121e+00,5.472000122070312500e+00,-6.672108769416809082e-01
6.900529305609279618e+01,2.063218525167804795e+00,4.230385956410324333e+00,3.401031956615496288e+00,6.954192097064883171e+01,1.178655997903133468e+00,3.925985785386028049e+00,1.850828121380533986e+00,6.950284228953077559e+01,1.329713846537572852e+00,3.918380036125008292e+00,1.966358888513483727e+00,6.992733870381481154e+01,2.171198797787798451e+00,4.230000000000000426e+00,3.439999999999999947e+00,5.452000141143798828e+00,-6.771467328071594238e-01
6.963494984788300712e+01,-2.032833146186144191e+00,4.112968140997007360e+00,3.394758316014054866e+00,6.989468029314328135e+01,1.526349735388921269e+00,3.918380036125008292e+00,1.966358888513483727e+00,6.987798055391169783e+01,1.253924959853677024e+00,3.917565246318200689e+00,1.870290013030609266e+00,7.033335600737849802e+01,2.499340964871711535e+00,4.136999999999999567e+00,3.412999999999999812e+00,5.362999916076660156e+00,-6.900256276130676270e-01
6.959540794764262728e+01,1.149730635549857327e+00,4.084401409833268382e+00,3.483258453085089634e+00,7.026973707854351403e+01,1.440953961156737906e+00,3.917565246318200689e+00,1.870290013030609266e+00,7.021052382355131272e+01,1.484117021218622545e+00,3.894925832024523249e+00,1.934402803415290695e+00,7.072926817771804053e+01,2.827987147016513880e+00,4.160999999999999588e+00,3.579000000000000181e+00,5.488999843597412109e+00,-7.061288356781005859e-01
7.167691849161757034e+01,1.726787759016193080e+00,4.399956642681583929e+00,3.939697851949255369e+00,7.060001640675376677e+01,1.677557301560151704e+00,3.894925832024523249e+00,1.934402803415290695e+00,7.073073187688908092e+01,1.769921051488440700e+00,3.977875223748210676e+00,2.033152082219406243e+00,7.112559615076813202e+01,3.168930007021480311e+00,4.153999999999999915e+00,3.740000000000000213e+00,5.589000225067138672e+00,-7.302649021148681641e-01
7.028899382027151432e+01,2.490374041663273363e+00,4.135286403959997692e+00,3.774679734881055015e+00,7.112851939926390799e+01,1.973236259710381413e+00,3.977875223748210676e+00,2.033152082219406243e+00,7.105244318770060374e+01,2.098090038544442315e+00,3.946638845253489958e+00,2.140875670805753028e+00,7.160245619696456743e+01,3.596474600669325561e+00,4.075999999999999623e+00,3.714999999999999858e+00,5.514999866485595703e+00,-7.398408055305480957e-01
6.993816863003138451e+01,2.077962890561343423e-01,4.224142232156758325e+00,3.837508159878542990e+00,7.144710707222594692e+01,2.312177605625017840e+00,3.946638845253489958e+00,2.140875670805753028e+00,7.131011581952233769e+01,2.188383896827061470e+00,3.890166575392530746e+00,2.125066364350094883e+00,7.199239455098359031e+01,3.952347708909289992e+00,4.153999999999999915e+00,3.771999999999999797e+00,5.611000061035156250e+00,-7.374752163887023926e-01
7.056180880910898168e+01,4.685553801615861325e+00,4.132429745513181096e+00,3.700301695353142684e+00,7.169913247706159609e+01,2.400890533262070914e+00,3.890166575392530746e+00,2.125066364350094883e+00,7.159743004225170182e+01,2.684792122546051374e+00,3.849609897440549489e+00,2.306624271761501088e+00,7.239088545679510389e+01,4.313131285726226061e+00,4.115000000000000213e+00,3.674999999999999822e+00,5.517000198364257812e+00,-7.302845120429992676e-01
7.317923407204375508e+01,2.231951189651104617e+00,4.146215589091367448e+00,3.671286078722301838e+00,7.198239103199576050e+01,2.915454549722201527e+00,3.849609897440549489e+00,2.306624271761501088e+00,7.211526209980631563e+01,2.910840942123980923e+00,3.925743773510335988e+00,2.340629540364604910e+00,7.278476057909850283e+01,4.664972259244796859e+00,4.190000000000000391e+00,3.724000000000000199e+00,5.605999946594238281e+00,-7.247206568717956543e-01
7.390626721031551938e+01,4.833593977887402637e+00,4.107880881043949550e+00,3.590717065398013386e+00,7.250783647715735469e+01,3.144903896160441192e+00,3.925743773510335988e+00,2.340629540364604910e+00,7.265538213690933844e+01,3.358499633936636641e+00,4.004727596520533339e+00,2.478952538851984411e+00,7.326756010927434204e+01,5.091796828789035168e+00,4.155000000000000249e+00,3.640000000000000124e+00,5.524000167846679688e+00,-7.183225750923156738e-01
7.469264362759329856e+01,2.832473946558800026e+00,4.003922921095771414e+00,3.527250611386985923e+00,7.305585489656138520e+01,3.606394887821835038e+00,4.004727596520533339e+00,2.478952538851984411e+00,7.321852153828461951e+01,3.579432201305680739e+00,4.084194352586323795e+00,2.493552079262550070e+00,7.366368971751160188e+01,5.438999129494817453e+00,4.065999999999999837e+00,3.580999999999999961e+00,5.418000221252441406e+00,-7.221892476081848145e-01
7.358797575471658092e+01,4.017566991736799764e+00,4.075359571156855765e+00,3.574728717978353121e+00,7.362694097354325606e+01,3.828787409231935612e+00,4.084194352586323795e+00,2.493552079262550070e+00,7.362265364109875065e+01,3.893852679483745138e+00,4.081765529286945693e+00,2.554305174125186539e+00,7.405273924764310323e+01,5.781435919623331365e+00,4.068999999999999950e+00,3.577999999999999847e+00,5.418000221252441406e+00,-7.200501561164855957e-01
7.403980325160512166e+01,6.345051406534541805e+00,4.021983638016962459e+00,3.527909663680794061e+00,7.403083019402744469e+01,4.149283196896263348e+00,4.081765529286945693e+00,2.554305174125186539e+00,7.402892069604195058e+01,4.398498605795547967e+00,4.078575300511902313e+00,2.702804323060401082e+00,7.444411574300772827e+01,6.124355269874508068e+00,4.016000000000000014e+00,3.508000000000000007e+00,5.333000183105468750e+00,-7.200501561164855957e-01
7.282069598089221074e+01,8.023008299400659737e+00,3.909737765763951600e+00,3.408653327276721434e+00,7.443677822609313921e+01,4.668779038101588341e+00,4.078575300511902313e+00,2.702804323060401082e+00,7.426822023827332941e+01,5.015290678867282637e+00,3.989824619556609164e+00,2.892057708747439282e+00,7.490680800375868387e+01,6.527244521405709321e+00,4.102000000000000313e+00,3.549999999999999822e+00,5.425000190734863281e+00,-7.170356512069702148e-01
7.611304376981922815e+01,2.950673533644402102e+00,4.103293417858885128e+00,3.533441341500412669e+00,7.466720270022898376e+01,5.304496449742026165e+00,3.989824619556609164e+00,2.892057708747439282e+00,7.481624327509804573e+01,5.111063546682591330e+00,4.066946489159572131e+00,2.813934054850399491e+00,7.530424605242268399e+01,6.867506933774542688e+00,4.129999999999999893e+00,3.517999999999999794e+00,5.425000190734863281e+00,-7.109163403511047363e-01
7.572650235389977524e+01,6.408945871513052062e+00,4.064901374658987265e+00,3.419637212680066263e+00,7.522293792401400481e+01,5.392456952167631101e+00,4.066946489159572131e+00,2.813934054850399491e+00,7.527289871428091317e+01,5.514607307153589488e+00,4.091285713538846736e+00,2.890135172566606681e+00,7.571305190012211028e+01,7.211998893470981109e+00,4.092999999999999972e+00,3.459999999999999964e+00,5.359000205993652344e+00,-6.993978619575500488e-01
7.776679490506943182e+01,6.382334662030205052e+00,4.302476613685922047e+00,3.655955409311258730e+00,7.568202728563480264e+01,5.803620824410249845e+00,4.091285713538846736e+00,2.890135172566606681e+00,7.589915949827616259e+01,5.891581898627525682e+00,4.205374229268772801e+00,2.953770696196023504e+00,7.610859404473147549e+01,7.547840071967616637e+00,4.205000000000000071e+00,3.579000000000000181e+00,5.521999835968017578e+00,-7.043389081954956055e-01
7.776679490506943182e+01,6.382334662030205052e+00,4.224853892892583396e+00,3.599043164629649461e+00,7.631969692120304671e+01,6.186958968247128432e+00,4.205374229268772801e+00,2.953770696196023504e+00,7.646445797957552770e+01,6.233574221971117879e+00,4.276856136964596544e+00,2.993858871277146338e+00,7.610859404473147549e+01,7.547840071967616637e+00,4.200999999999999623e+00,3.583000000000000185e+00,5.521999835968017578e+00,-7.055810093879699707e-01
7.924713312039496316e+01,8.668622208969276599e+00,4.326495280991689008e+00,3.727862549962564831e+00,7.689214359327198167e+01,6.532960109098832291e+00,4.276856136964596544e+00,2.993858871277146338e+00,7.712856657345177780e+01,6.766037090031535861e+00,4.394272979248501798e+00,3.128048557151563269e+00,7.659008513369226989e+01,7.958500815852428190e+00,4.291999999999999815e+00,3.737999999999999989e+00,5.691999912261962891e+00,-7.112104892730712891e-01
7.882808862630045610e+01,8.601201636539487438e+00,4.373347652763498239e+00,3.871835771813826543e+00,7.756799387137662904e+01,7.078841945746692232e+00,4.394272979248501798e+00,3.128048557151563269e+00,7.769227251302535819e+01,7.254635574674933807e+00,4.454219415156491557e+00,3.234313761777917406e+00,7.699295531202928089e+01,8.307711554993193914e+00,4.227000000000000313e+00,3.783999999999999808e+00,5.672999858856201172e+00,-7.246481776237487793e-01
7.662701700583085085e+01,8.977535677529443703e+00,3.991636982130646327e+00,3.598153829659580971e+00,7.813769445454100548e+01,7.578066950852725192e+00,4.454219415156491557e+00,3.234313761777917406e+00,7.796584890146506552e+01,7.725674015933454264e+00,4.352771875697989401e+00,3.316610914146998823e+00,7.740008269199518054e+01,8.669299078625662958e+00,4.089999999999999858e+00,3.689999999999999947e+00,5.507999897003173828e+00,-7.336007952690124512e-01
8.061174498433813085e+01,1.016148383777191988e+01,3.962419398311700203e+00,3.630304297285574133e+00,7.840112608903486091e+01,8.057335107348153613e+00,4.352771875697989401e+00,3.316610914146998823e+00,7.860257935250220385e+01,8.269058221468609915e+00,4.436486943552841566e+00,3.429121442541632092e+00,7.787442885278493065e+01,9.097944213552629833e+00,3.927000000000000046e+00,3.613999999999999879e+00,5.336999893188476562e+00,-7.416847944259643555e-01
7.663966558833452325e+01,7.251637412042366115e+00,3.992047653461926249e+00,3.748350263013359829e+00,7.904622804685749315e+01,8.611970365722772414e+00,4.436486943552841566e+00,3.429121442541632092e+00,7.878617760386360658e+01,8.497930058548485377e+00,4.292617602840510749e+00,3.381497045695466497e+00,7.825224409941687043e+01,9.445831251588165500e+00,4.001999999999999780e+00,3.799999999999999822e+00,5.519000053405761719e+00,-7.539247274398803711e-01
7.814575777910170018e+01,9.117001844529713850e+00,4.075351162794583537e+00,3.932058380753795657e+00,7.921543936414765597e+01,8.836079763118032560e+00,4.292617602840510749e+00,3.381497045695466497e+00,7.909892667751364570e+01,8.886601289136104143e+00,4.227473675800527353e+00,3.420989585754877993e+00,7.863374434409432467e+01,9.806085539737546597e+00,3.971000000000000085e+00,3.833000000000000185e+00,5.519000053405761719e+00,-7.675050497055053711e-01
7.957970409053805838e+01,1.076442356205415507e+01,4.062905165280380260e+00,3.973574161277041661e+00,7.952167404509370385e+01,9.228700247711591587e+00,4.227473675800527353e+00,3.420989585754877993e+00,7.951973059350028450e+01,9.397386314195038892e+00,4.220310689134823434e+00,3.518675205996606881e+00,7.900824461841091306e+01,1.016899485708206541e+01,3.996999999999999886e+00,3.908999999999999808e+00,5.591000080108642578e+00,-7.742829322814941406e-01
8.093753479367205728e+01,1.140992130180224429e+01,3.781442186799437000e+00,3.739226829683172770e+00,7.994176166241376791e+01,9.749253834794700424e+00,4.220310689134823434e+00,3.518675205996606881e+00,8.002018012581545747e+01,9.915170704408106772e+00,4.242065479224474522e+00,3.606172271529774154e+00,7.946207152247049521e+01,1.061340613524833643e+01,3.857000000000000206e+00,3.821000000000000174e+00,5.428999900817871094e+00,-7.797849774360656738e-01
7.636647163279027950e+01,1.148859818039797531e+01,3.743598571293917043e+00,3.709227619865299808e+00,8.044438667373790963e+01,1.027578793156108361e+01,4.242065479224474522e+00,3.606172271529774154e+00,8.001566426640123098e+01,1.039442127758407786e+01,4.013724344615000383e+00,3.667281635139522322e+00,7.983353148398909127e+01,1.098102374137468473e+01,3.819999999999999840e+00,3.786999999999999922e+00,5.379000186920166016e+00,-7.807863950729370117e-01
7.991698954967003488e+01,1.507329745432396351e+01,3.870470605044288526e+00,3.876589105466624829e+00,8.041703670086273803e+01,1.076114944109803062e+01,4.013724344615000383e+00,3.667281635139522322e+00,8.036061664102696511e+01,1.117607707002106388e+01,3.980742715102149720e+00,3.876998044878521732e+00,8.019846068328340039e+01,1.134348101688744137e+01,3.888999999999999790e+00,3.894000000000000128e+00,5.504000186920166016e+00,-7.861879467964172363e-01
8.213826619040565902e+01,1.088599814291333878e+01,3.868350777467577828e+00,3.874465926833351226e+00,8.075869091253717613e+01,1.156377687450891578e+01,3.980742715102149720e+00,3.876998044878521732e+00,8.089056021863086698e+01,1.149988753320380219e+01,4.040945525270537075e+00,3.845495912765090729e+00,8.056881819605713702e+01,1.171462245039262307e+01,3.883999999999999897e+00,3.899999999999999911e+00,5.504000186920166016e+00,-7.861879467964172363e-01
8.213826619040565902e+01,1.088599814291333878e+01,3.916342962282270079e+00,3.940989265083840287e+00,8.129465477115792282e+01,1.188443712448031064e+01,4.040945525270537075e+00,3.845495912765090729e+00,8.137267459082544008e+01,1.179466244253428542e+01,4.074370440619337508e+00,3.803863379166734227e+00,8.056881819605713702e+01,1.171462245039262307e+01,3.903999999999999915e+00,3.971000000000000085e+00,5.568999767303466797e+00,-7.885348796844482422e-01
8.332956372165887160e+01,1.213136030553005718e+01,3.822449007036122559e+00,3.858062611746776671e+00,8.178011163488737623e+01,1.217504878045095928e+01,4.074370440619337508e+00,3.803863379166734227e+00,8.192232893610832889e+01,1.217330892571333756e+01,4.134362576339849937e+00,3.804448052761902677e+00,8.138438521260927416e+01,1.254214758955354725e+01,3.720000000000000195e+00,3.770000000000000018e+00,5.296999931335449219e+00,-7.900350093841552734e-01
8.056572268837649631e+01,1.660418529673493282e+01,4.139871843012477015e+00,4.178442863606452562e+00,8.233576519374231850e+01,1.255375373098952707e+01,4.134362576339849937e+00,3.804448052761902677e+00,8.216007297577672830e+01,1.295125903621598695e+01,4.048707684546851482e+00,4.009970030078822134e+00,8.174170790561821320e+01,1.290060801582473893e+01,4.003999999999999559e+00,3.927000000000000046e+00,5.609000205993652344e+00,-7.900350093841552734e-01
8.178128559893235661e+01,1.187450833414545137e+01,3.797500670157906377e+00,3.704323398250086719e+00,8.256494374423141380e+01,1.335225603922386917e+01,4.048707684546851482e+00,4.009970030078822134e+00,8.247527260505793834e+01,1.319982891978265549e+01,3.995400134501936762e+00,3.926848205344319442e+00,8.212476454634428080e+01,1.327426428900830935e+01,3.956999999999999851e+00,3.818999999999999950e+00,5.499000072479248047e+00,-7.729781866073608398e-01
8.495642410195802086e+01,1.394403745024315633e+01,3.922502562627145917e+00,3.754846439195742569e+00,8.287481261850813041e+01,1.359251374031708792e+01,3.995400134501936762e+00,3.926848205344319442e+00,8.307831832180318088e+01,1.361806686773926600e+01,4.092103599271093017e+00,3.934848723470834475e+00,8.258009444181476510e+01,1.371064086103207913e+01,3.938000000000000167e+00,3.769000000000000128e+00,5.452000141143798828e+00,-7.635638713836669922e-01
8.161826203706483795e+01,1.389633558486896980e+01,4.021980347782212029e+00,3.821514950372706387e+00,8.348752868173029640e+01,1.401155174008635029e+01,4.092103599271093017e+00,3.934848723470834475e+00,8.329842888324174055e+01,1.399575164441511532e+01,3.997040795866139362e+00,3.924062139887909861e+00,8.258009444181476510e+01,1.371064086103207913e+01,3.966000000000000192e+00,3.741000000000000103e+00,5.586999893188476562e+00,-7.598455548286437988e-01
8.161826203706483795e+01,1.389633558486896980e+01,4.238213010577544182e+00,3.835388818982143011e+00,8.369813296282835324e+01,1.438815785840390582e+01,3.997040795866139362e+00,3.924062139887909861e+00,8.350268585921915587e+01,1.433799824773227805e+01,3.910628786979994498e+00,3.897025513915963746e+00,8.296180449436768356e+01,1.407011122870030562e+01,4.096000000000000085e+00,3.607000000000000206e+00,5.458000183105468750e+00,-7.355455160140991211e-01
8.355074867610350964e+01,1.808832259323802205e+01,4.227820804966162527e+00,3.497527714759071316e+00,8.389374873791715004e+01,1.472770079912387509e+01,3.910628786979994498e+00,3.897025513915963746e+00,8.387451700198076310e+01,1.502645530652620920e+01,3.913205427082854015e+00,4.033399263500145437e+00,8.335720168037856581e+01,1.442302127021648239e+01,4.336999999999999744e+00,3.451000000000000068e+00,5.543000221252441406e+00,-6.911461949348449707e-01
8.434967897815637627e+01,1.735328359661820485e+01,4.370828794822414487e+00,3.237063184002540339e+00,8.426583754468904885e+01,1.542979523287622357e+01,3.913205427082854015e+00,4.033399263500145437e+00,8.429561662766124641e+01,1.557595478559218627e+01,3.945036154051571931e+00,4.084144566044589197e+00,8.384630309024170458e+01,1.482279868223783126e+01,4.517000000000000348e+00,3.053999999999999826e+00,5.453000068664550781e+00,-6.374619603157043457e-01
8.423584148257685911e+01,1.774523277327983806e+01,4.682794561949377155e+00,2.932074546185254871e+00,8.469012024306640285e+01,1.598436924219664590e+01,3.945036154051571931e+00,4.084144566044589197e+00,8.467953520820003632e+01,1.609966262065206166e+01,3.967716806031405419e+00,4.110247027005806686e+00,8.427270995040497326e+01,1.512947936203369892e+01,4.674999999999999822e+00,2.806999999999999940e+00,5.453000068664550781e+00,-5.594170689582824707e-01
8.133284173904144154e+01,1.514381356283979763e+01,4.783647649486410636e+00,2.225509246684735043e+00,8.507630688880317393e+01,1.651068732335264144e+01,3.967716806031405419e+00,4.110247027005806686e+00,8.474242482213222161e+01,1.629960850169389275e+01,3.835349685922414764e+00,3.956292214171082566e+00,8.472100554396176619e+01,1.539770598466117768e+01,4.743000000000000327e+00,1.804000000000000048e+00,5.074999809265136719e+00,-4.354489743709564209e-01
8.212895642177053901e+01,1.743513508012329183e+01,5.127368507702660949e+00,6.779937138004137331e-01,8.512595979072446539e+01,1.669523772311100274e+01,3.835349685922414764e+00,3.956292214171082566e+00,8.488858960297486078e+01,1.662143680878637042e+01,3.768123531239362389e+00,3.832837413706789320e+00,8.518094359291809781e+01,1.559181685575009624e+01,5.073000000000000398e+00,-1.300000000000000044e-01,5.074999809265136719e+00,-1.314676553010940552e-01
8.666399203251445726e+01,1.490643764807674998e+01,4.888725503760658953e+00,-1.688178378789984002e+00,8.526540195609879902e+01,1.700472055015704953e+01,3.768123531239362389e+00,3.832837413706789320e+00,8.545694120414930239e+01,1.656573025691751155e+01,3.904038801078898224e+00,3.470086585344771102e+00,8.570004378214952112e+01,1.562691969944645543e+01,5.073000000000000398e+00,-1.300000000000000044e-01,5.074999809265136719e+00,3.325001597404479980e-01
8.716175173213650851e+01,1.523297326084570358e+01,3.492562327530140731e+00,-4.007725567711167614e+00,8.584734508425719923e+01,1.691273891545198893e+01,3.904038801078898224e+00,3.470086585344771102e+00,8.595872081696235512e+01,1.642752144996821784e+01,3.942934375238732692e+00,3.032575775446130883e+00,8.616746626728291858e+01,1.540747923957363774e+01,3.185999999999999943e+00,-4.456000000000000405e+00,5.478000164031982422e+00,8.539762496948242188e-01
8.869159184338239754e+01,1.372104425576200981e+01,1.417359832404476716e+00,-5.069594309499354523e+00,8.635301425448622581e+01,1.673077902751283119e+01,3.942934375238732692e+00,3.032575775446130883e+00,8.646712777206376188e+01,1.609309677121195392e+01,3.903351263676088756e+00,2.503452665190841309e+00,8.647070036781055080e+01,1.498677916589770298e+01,6.129999999999999893e-01,-5.475999999999999979e+00,5.510000228881835938e+00,1.298176646232604980e+00
8.744270770247555902e+01,1.274347860896259199e+01,-1.062019648643963921e+00,-5.397510024861229994e+00,8.685746289843136481e+01,1.634344203773103743e+01,3.903351263676088756e+00,2.503452665190841309e+00,8.668295485027179836e+01,1.565902240481596408e+01,3.630602091888612826e+00,1.956682305904708929e+00,8.657076369218142986e+01,1.447365946904733747e+01,-6.550000000000000266e-01,-5.471000000000000085e+00,5.510000228881835938e+00,1.765075564384460449e+00
8.477461002772989218e+01,1.398699337070147131e+01,-2.717475141483009615e+00,-4.654828398140648638e+00,8.704601505946065743e+01,1.585469063540643475e+01,3.630602091888612826e+00,1.956682305904708929e+00,8.652274732881021180e+01,1.538968940886587333e+01,3.135206527352877526e+00,1.552146194360422005e+00,8.642733107450013108e+01,1.385783858417947378e+01,-2.736000000000000210e+00,-4.685999999999999943e+00,5.426000118255615234e+00,2.099216699600219727e+00
8.705129353707847883e+01,1.306811223757570239e+01,-3.982141466690283238e+00,-3.629475645680418250e+00,8.683626798154550386e+01,1.554490402830191620e+01,3.135206527352877526e+00,1.552146194360422005e+00,8.652411383908528819e+01,1.508514468832288991e+01,2.713941284197080250e+00,1.188198306895848821e+00,8.613889037079232480e+01,1.342486853744193809e+01,-3.532999999999999918e+00,-4.118000000000000327e+00,5.426000118255615234e+00,2.402493953704833984e+00
8.705129353707847883e+01,1.306811223757570239e+01,-3.982141466690283238e+00,-3.629475645680418250e+00,8.679550796750500297e+01,1.520396451901247481e+01,2.713941284197080250e+00,1.188198306895848821e+00,8.650714662469124505e+01,1.479221001296402171e+01,2.320208517547735383e+00,8.575441636870283491e-01,8.613889037079232480e+01,1.342486853744193809e+01,-3.532999999999999918e+00,-4.118000000000000327e+00,5.426000118255615234e+00,2.402493953704833984e+00
8.705129353707847883e+01,1.306811223757570239e+01,-3.982141466690283238e+00,-3.629475645680418250e+00,8.673916747644601344e+01,1.487796442933272445e+01,2.320208517547735383e+00,8.575441636870283491e-01,8.647485749500668817e+01,1.451135237341516415e+01,1.953095115275436333e+00,5.578904053106601424e-01,8.613889037079232480e+01,1.342486853744193809e+01,-3.532999999999999918e+00,-4.118000000000000327e+00,5.426000118255615234e+00,2.402493953704833984e+00
8.705129353707847883e+01,1.306811223757570239e+01,-3.982141466690283238e+00,-3.629475645680418250e+00,8.667016700653422845e+01,1.456714141394622963e+01,1.953095115275436333e+00,5.578904053106601424e-01,8.642991942689312168e+01,1.424288739514422275e+01,1.611601472698639625e+00,2.870429972857202472e-01,8.613889037079232480e+01,1.342486853744193809e+01,-3.532999999999999918e+00,-4.118000000000000327e+00,5.426000118255615234e+00,2.402493953704833984e+00
